Dia,Altas_nuevos_usuarios_activos_ab._anual_sin_ttp_dia,Altas_nuevos_usuarios_activos_ab._anual_con_ttp_dia,Altas_nuevos_usuarios_activos_ab._anual_total_dia,Usuarios_activos_ab._anual_sin_ttp_ acumulado_desde_inicio,Usuarios_activos_ab._anual_con_ttp_acumulado_desde_inicio,Usuarios_activos_ab._anual_total_acumulado_desde_inicio,Nuevos_usuarios_abono_1_dia,Nuevos_usuarios_abono_3_ dias,Nuevos_usuarios_abono_5_dias,Nuevos_usuarios_abono_ocas._total,Usuarios_abono_1_dia_acumulado_de_inicio,Usuarios_abono_3_dias_acumulado_de_inicio,Usuarios_abono_5_dias_acumulado_de_ inicio,Usuarios_abono_ocasional_total_de_inicio,Usos_bicis_abono_anual,Usos_bicis_abono_ocasional,Usos_bicis_total,Usos_abono_anual_acumulado,Usos_abono_ocasional_acumulado,Usos_total_acumulado_ desde_inicio,Horas_Totales_Usos_Bicicletas,Horas_Totales_Disponibilidad_Bicicletas_En_Anclajes,Total_Horas_Servicio_Bicicletas,Media_Bicicletas_Disponibles,tmed,prec,Dia_semana
10-8-15,26,55,81,24568,24166,48734,58,4,2,64,19090,1194,542,20826,7986,189,8175,2290543,46187,2336730,3991.13,19894.18,23885.31,995.22,27.7,0,lun
11-8-15,20,34,54,24588,24200,48788,72,5,2,79,19162,1199,544,20905,8750,191,8941,2299293,46378,2345671,4364.4,19817.3,24181.7,1007.57,27.6,0,mar
12-8-15,25,79,104,24613,24279,48892,108,10,4,122,19270,1209,548,21027,9132,251,9383,2308425,46629,2355054,4633.72,19725.32,24359.04,1014.96,26.2,0,mié
13-8-15,29,45,74,24642,24324,48966,104,9,2,115,19374,1218,550,21142,8974,236,9210,2317399,46865,2364264,4498.85,19530.97,24029.82,1001.24,22.1,0,jue
14-8-15,38,49,87,24680,24373,49053,103,3,1,107,19477,1221,551,21249,8165,231,8396,2325564,47096,2372660,4309.22,22770.43,27079.65,1128.32,21,0,vie
15-8-15,47,67,114,24727,24440,49167,148,7,2,157,19625,1228,553,21406,7000,297,7297,2332564,47393,2379957,4156.77,21431.75,25588.52,1066.19,22.9,0,sáb
16-8-15,52,53,105,24779,24493,49272,138,9,2,149,19763,1237,555,21555,6770,336,7106,2339334,47729,2387063,3921.48,19269.1,23190.58,966.27,23.5,0,dom
17-8-15,44,45,89,24823,24538,49361,64,5,5,74,19827,1242,560,21629,8362,200,8562,2347696,47929,2395625,4139.1,18910.27,23049.37,960.39,25.6,0,lun
18-8-15,21,55,76,24844,24593,49437,95,11,5,111,19922,1253,565,21740,8796,269,9065,2356492,48198,2404690,4130.08,19764.92,23895,995.63,25.8,0,mar
19-8-15,46,44,90,24890,24637,49527,74,8,7,89,19996,1261,572,21829,8910,227,9137,2365402,48425,2413827,4298.8,20216.48,24515.28,1021.47,25.3,0,mié
20-8-15,47,56,103,24937,24693,49630,103,9,2,114,20099,1270,574,21943,9408,294,9702,2374810,48719,2423529,4429.1,20311.57,24740.67,1030.86,27,0,jue
21-8-15,44,29,73,24981,24722,49703,95,6,6,107,20194,1276,580,22050,8737,306,9043,2383547,49025,2432572,4288.75,21897.31,26186.06,1091.09,27.6,0.9,vie
22-8-15,40,54,94,25021,24776,49797,191,13,2,206,20385,1289,582,22256,7668,475,8143,2391215,49500,2440715,4247.52,21262.88,25510.4,1062.93,24.6,0,sáb
23-8-15,49,65,114,25070,24841,49911,205,6,4,215,20590,1295,586,22471,7911,469,8380,2399126,49969,2449095,4500.27,18054.25,22554.52,939.77,22,0.1,dom
24-8-15,44,52,96,25114,24893,50007,93,7,8,108,20683,1302,594,22579,8635,223,8858,2407761,50192,2457953,4089.2,19661.07,23750.27,989.59,19.2,0,lun
25-8-15,44,63,107,25158,24956,50114,76,5,0,81,20759,1307,594,22660,9397,212,9609,2417158,50404,2467562,4406.8,19250.9,23657.7,985.74,21.7,0,mar
26-8-15,58,49,107,25216,25005,50221,77,8,4,89,20836,1315,598,22749,10135,197,10332,2427293,50601,2477894,4727.38,18599.57,23326.95,971.96,25.4,0,mié
27-8-15,56,64,120,25272,25069,50341,78,8,7,93,20914,1323,605,22842,10421,189,10610,2437714,50790,2488504,4786.27,18617.77,23404.04,975.17,25.2,0,jue
28-8-15,55,60,115,25327,25129,50456,93,3,2,98,21007,1326,607,22940,10309,245,10554,2448023,51035,2499058,4808.35,19826.72,24635.07,1026.46,25.6,0,vie
29-8-15,53,61,114,25380,25190,50570,174,8,2,184,21181,1334,609,23124,9433,400,9833,2457456,51435,2508891,4902.48,18933.37,23835.85,993.16,28.4,0,sáb
30-8-15,79,91,170,25459,25281,50740,140,3,4,147,21321,1337,613,23271,8022,312,8334,2465478,51747,2517225,4264.58,16590.13,20854.71,868.95,28.2,2.3,dom
31-8-15,70,82,152,25529,25363,50892,49,12,3,64,21370,1349,616,23335,9601,142,9743,2475079,51889,2526968,4193.65,17616.37,21810.02,908.75,23.9,0,lun
1-9-15,62,101,163,25591,25464,51055,64,4,2,70,21434,1353,618,23405,11238,162,11400,2486317,52051,2538368,4862.37,15893.35,20755.72,864.82,24,0,mar
2-9-15,111,92,203,25702,25556,51258,59,5,1,65,21493,1358,619,23470,11942,158,12100,2498259,52209,2550468,5299.17,15529.33,20828.5,867.85,24.4,0,mié
3-9-15,83,104,187,25785,25660,51445,76,7,3,86,21569,1365,622,23556,12919,171,13090,2511178,52380,2563558,5577.73,15865.73,21443.46,893.48,21.6,0,jue
4-9-15,72,91,163,25857,25751,51608,84,8,6,98,21653,1373,628,23654,12253,177,12430,2523431,52557,2575988,5399.38,17933.35,23332.73,972.2,21,0.5,vie
5-9-15,94,94,188,25951,25845,51796,235,13,10,258,21888,1386,638,23912,10598,454,11052,2534029,53011,2587040,5619.78,16950.61,22570.39,940.43,20.2,0,sáb
6-9-15,116,98,214,26067,25943,52010,270,7,3,280,22158,1393,641,24192,10629,561,11190,2544658,53572,2598230,6045.88,14331.35,20377.23,849.05,21.8,0.3,dom
7-9-15,85,90,175,26152,26033,52185,71,5,5,81,22229,1398,646,24273,10586,226,10812,2555244,53798,2609042,5006.28,16303.12,21309.4,887.89,21.8,0.7,lun
8-9-15,50,89,139,26202,26122,52324,72,4,7,83,22301,1402,653,24356,12325,194,12519,2567569,53992,2621561,5602.02,16734.39,22336.41,930.68,20.8,0,mar
9-9-15,79,67,146,26281,26189,52470,67,4,3,74,22368,1406,656,24430,12863,184,13047,2580432,54176,2634608,5851.15,17181.96,23033.11,959.71,21.8,0,mié
10-9-15,73,73,146,26354,26262,52616,76,7,2,85,22444,1413,658,24515,13747,164,13911,2594179,54340,2648519,5911.82,18342.1,24253.92,1010.58,22.7,0,jue
11-9-15,72,108,180,26426,26370,52796,119,8,6,133,22563,1421,664,24648,13558,254,13812,2607737,54594,2662331,6347.5,20914.7,27262.2,1135.93,23.4,0,vie
12-9-15,83,94,177,26509,26464,52973,254,16,5,275,22817,1437,669,24923,11419,513,11932,2619156,55107,2674263,5990.42,18784.65,24775.07,1032.29,23.2,0,sáb
13-9-15,100,96,196,26609,26560,53169,259,8,0,267,23076,1445,669,25190,10394,549,10943,2629550,55656,2685206,5927.62,15314.63,21242.25,885.09,20.6,0,dom
14-9-15,64,81,145,26673,26641,53314,62,15,4,81,23138,1460,673,25271,11076,206,11282,2640626,55862,2696488,5101.38,22461.62,27563,1148.46,19,0,lun
15-9-15,38,41,79,26711,26682,53393,32,2,3,37,23170,1462,676,25308,10079,106,10185,2650705,55968,2706673,4420.27,22451.68,26871.95,1119.66,17.1,0.9,mar
16-9-15,9,21,30,26720,26703,53423,21,2,2,25,23191,1464,678,25333,7669,64,7733,2658374,56032,2714406,3437.28,22886.11,26323.39,1096.81,18,7,mié
17-9-15,43,39,82,26763,26742,53505,53,7,3,63,23244,1471,681,25396,11883,127,12010,2670257,56159,2726416,5186.62,25263.18,30449.8,1268.74,15,0,jue
18-9-15,54,111,165,26817,26853,53670,83,7,7,97,23327,1478,688,25493,13478,199,13677,2683735,56358,2740093,6024.15,29454.9,35479.05,1478.29,17.5,0,vie
19-9-15,51,49,100,26868,26902,53770,223,11,1,235,23550,1489,689,25728,12287,328,12615,2696022,56686,2752708,6158.48,27091.52,33250,1385.42,19.3,0,sáb
20-9-15,105,72,177,26973,26974,53947,338,9,3,350,23888,1498,692,26078,11685,745,12430,2707707,57431,2765138,6386.03,22464.77,28850.8,1202.12,21.3,0,dom
21-9-15,55,72,127,27028,27046,54074,77,8,7,92,23965,1506,699,26170,12068,230,12298,2719775,57661,2777436,5225.35,26901.23,32126.58,1338.61,21.5,0,lun
22-9-15,37,54,91,27065,27100,54165,52,5,3,60,24017,1511,702,26230,13662,130,13792,2733437,57791,2791228,5904.35,27842.22,33746.57,1406.11,21,0,mar
23-9-15,48,47,95,27113,27147,54260,74,9,2,85,24091,1520,704,26315,13555,198,13753,2746992,57989,2804981,5701.05,28433.28,34134.33,1422.26,19.6,0,mié
24-9-15,61,47,108,27174,27194,54368,70,8,5,83,24161,1528,709,26398,14077,183,14260,2761069,58172,2819241,6056.5,29494.8,35551.3,1481.3,20.6,0,jue
25-9-15,75,63,138,27249,27257,54506,114,10,4,128,24275,1538,713,26526,14976,332,15308,2776045,58504,2834549,6405.98,31718.06,38124.04,1588.5,22.4,0,vie
26-9-15,89,100,189,27338,27357,54695,267,13,4,284,24542,1551,717,26810,13485,594,14079,2789530,59098,2848628,6680.65,28258.18,34938.83,1455.78,22.3,0,sáb
27-9-15,116,118,234,27454,27475,54929,342,5,4,351,24884,1556,721,27161,12377,723,13100,2801907,59821,2861728,6528.42,23754.89,30283.31,1261.8,21.2,0,dom
28-9-15,35,39,74,27489,27514,55003,97,4,3,104,24981,1560,724,27265,11880,239,12119,2813787,60060,2873847,5237.5,25403.84,30641.34,1276.72,19,0,lun
29-9-15,39,15,54,27528,27529,55057,61,8,3,72,25042,1568,727,27337,12505,130,12635,2826292,60190,2886482,5341.68,33301.37,38643.05,1610.13,18.2,0,mar
30-9-15,73,78,151,27601,27607,55208,53,5,3,61,25095,1573,730,27398,13490,137,13627,2839782,60327,2900109,5716.17,34253.27,39969.44,1665.39,19.4,0,mié
1-10-15,75,85,160,27676,27692,55368,70,6,5,81,25165,1579,735,27479,13882,198,14080,2853664,60525,2914189,5935.95,34877.47,40813.42,1700.56,18.7,0,jue
2-10-15,42,82,124,27718,27774,55492,95,21,1,117,25260,1600,736,27596,15009,250,15259,2868673,60775,2929448,6523.03,35153,41676.03,1736.5,19.8,0,vie
3-10-15,91,110,201,27809,27884,55693,248,8,4,260,25508,1608,740,27856,13645,538,14183,2882318,61313,2943631,6574.25,33479.02,40053.27,1668.89,19.1,0.2,sáb
4-10-15,68,92,160,27877,27976,55853,271,6,0,277,25779,1614,740,28133,11192,595,11787,2893510,61908,2955418,5839.33,32420.32,38259.65,1594.15,18.8,4.2,dom
5-10-15,54,-34,20,27931,27942,55873,42,6,4,52,25821,1620,744,28185,9810,165,9975,2903320,62073,2965393,4313.95,34913.58,39227.53,1634.48,19.6,16.3,lun
6-10-15,40,33,73,27971,27975,55946,53,8,2,63,25874,1628,746,28248,12174,144,12318,2915494,62217,2977711,5127.22,34072.05,39199.27,1633.3,17.4,0,mar
7-10-15,88,-1,87,28059,27974,56033,54,4,4,62,25928,1632,750,28310,12292,143,12435,2927786,62360,2990146,5479.93,35222.43,40702.36,1695.93,16.2,0,mié
8-10-15,50,44,94,28109,28018,56127,63,3,0,66,25991,1635,750,28376,13045,150,13195,2940831,62510,3003341,5821.52,35344.42,41165.94,1715.25,16.8,0,jue
9-10-15,59,73,132,28168,28091,56259,94,14,2,110,26085,1649,752,28486,13525,241,13766,2954356,62751,3017107,6224.43,34555.3,40779.73,1699.16,16.7,0,vie
10-10-15,59,89,148,28227,28180,56407,228,17,4,249,26313,1666,756,28735,11026,576,11602,2965382,63327,3028709,5830.25,33057.85,38888.1,1620.34,16.6,3.8,sáb
11-10-15,36,52,88,28263,28232,56495,181,9,1,191,26494,1675,757,28926,9000,469,9469,2974382,63796,3038178,4809.15,33199.3,38008.45,1583.69,16.8,0.3,dom
12-10-15,44,45,89,28307,28277,56584,197,11,6,214,26691,1686,763,29140,10093,533,10626,2984475,64329,3048804,5523.72,33300.05,38823.77,1617.66,18.2,0,lun
13-10-15,25,19,44,28332,28296,56628,17,4,6,27,26708,1690,769,29167,8567,104,8671,2993042,64433,3057475,3823.9,36037.46,39861.36,1660.89,13.4,2.3,mar
14-10-15,36,33,69,28368,28329,56697,57,6,2,65,26765,1696,771,29232,11475,163,11638,3004517,64596,3069113,5203.8,27033.34,32237.14,1343.21,12.3,0,mié
15-10-15,31,46,77,28399,28375,56774,50,6,2,58,26815,1702,773,29290,12349,142,12491,3016866,64738,3081604,5442.45,36070.35,41512.8,1729.7,13.3,0,jue
16-10-15,33,50,83,28432,28425,56857,81,11,0,92,26896,1713,773,29382,13346,185,13531,3030212,64923,3095135,5997.42,35364.96,41362.38,1723.43,14,0,vie
17-10-15,37,60,97,28469,28485,56954,140,11,2,153,27036,1724,775,29535,9709,321,10030,3039921,65244,3105165,5026.05,34026.01,39052.06,1627.17,17.6,8.4,sáb
18-10-15,32,40,72,28501,28525,57026,87,5,3,95,27123,1729,778,29630,6005,232,6237,3045926,65476,3111402,3372.28,35124.73,38497.01,1604.04,16,20.9,dom
19-10-15,15,18,33,28516,28543,57059,55,8,3,66,27178,1737,781,29696,8612,175,8787,3054538,65651,3120189,3779.25,36025.45,39804.7,1658.53,16.1,0.5,lun
20-10-15,9,29,38,28525,28572,57097,42,9,5,56,27220,1746,786,29752,11120,190,11310,3065658,65841,3131499,4872.8,35506.48,40379.28,1682.47,15.7,0,mar
21-10-15,34,39,73,28559,28611,57170,59,8,1,68,27279,1754,787,29820,11229,165,11394,3076887,66006,3142893,4778,37004.71,41782.71,1740.95,11.5,0,mié
22-10-15,38,22,60,28597,28633,57230,48,6,2,56,27327,1760,789,29876,11845,171,12016,3088732,66177,3154909,5359.33,36932.97,42292.3,1762.18,13,0,jue
23-10-15,18,29,47,28615,28662,57277,96,9,4,109,27423,1769,793,29985,12461,226,12687,3101193,66403,3167596,5601.73,35635.76,41237.49,1718.23,13.8,0,vie
24-10-15,54,44,98,28669,28706,57375,203,12,4,219,27626,1781,797,30204,12004,484,12488,3113197,66887,3180084,5966.83,33903.4,39870.23,1661.26,15.8,0,sáb
25-10-15,42,47,89,28711,28753,57464,200,5,1,206,27826,1786,798,30410,11347,495,11842,3124544,67382,3191926,6099.83,32751.48,38851.31,1618.8,16.9,0,dom
26-10-15,56,-7,49,28767,28746,57513,32,4,3,39,27858,1790,801,30449,8135,102,8237,3132679,67484,3200163,3655.78,36211.95,39867.73,1661.16,15.6,0.8,lun
27-10-15,111,96,207,28878,28842,57720,24,3,1,28,27882,1793,802,30477,8764,87,8851,3141443,67571,3209014,3995.98,36825.25,40821.23,1700.88,12.8,2.8,mar
28-10-15,-62,-40,-102,28816,28802,57618,22,4,1,27,27904,1797,803,30504,9598,77,9675,3151041,67648,3218689,4240.03,37008,41248.03,1718.67,11.9,0.1,mié
29-10-15,-3,20,17,28813,28822,57635,34,9,4,47,27938,1806,807,30551,11033,128,11161,3162074,67776,3229850,4664.17,26469.98,31134.15,1297.26,13.9,0,jue
30-10-15,17,36,53,28830,28858,57688,102,10,2,114,28040,1816,809,30665,12678,219,12897,3174752,67995,3242747,5932.73,34569.87,40502.6,1687.61,15.6,0,vie
31-10-15,53,38,91,28883,28896,57779,182,10,4,196,28222,1826,813,30861,11295,395,11690,3186047,68390,3254437,5667.88,33332.77,39000.65,1625.03,15.8,0,sáb
1-11-15,44,40,84,28927,28936,57863,218,13,0,231,28440,1839,813,31092,9313,471,9784,3195360,68861,3264221,4996.97,31836.6,36833.57,1534.73,16.6,17.5,dom
2-11-15,-20,6,-14,28907,28942,57849,16,3,1,20,28456,1842,814,31112,4764,69,4833,3200124,68930,3269054,2352.3,36163.42,38515.72,1604.82,12.4,11.7,lun
3-11-15,-7,-13,-20,28900,28929,57829,38,4,1,43,28494,1846,815,31155,8017,98,8115,3208141,69028,3277169,3696.7,36626.93,40323.63,1680.15,11.5,0.2,mar
4-11-15,11,27,38,28911,28956,57867,22,3,2,27,28516,1849,817,31182,8993,72,9065,3217134,69100,3286234,4061.43,36283.5,40344.93,1681.04,13.4,0.5,mié
5-11-15,18,22,40,28929,28978,57907,31,2,1,34,28547,1851,818,31216,10403,80,10483,3227537,69180,3296717,4599.72,35749.73,40349.45,1681.23,14.6,0,jue
6-11-15,16,58,74,28945,29036,57981,72,13,2,87,28619,1864,820,31303,11091,161,11252,3238628,69341,3307969,5059.2,35850.4,40909.6,1704.57,15.4,0,vie
7-11-15,49,37,86,28994,29073,58067,261,18,3,282,28880,1882,823,31585,10243,577,10820,3248871,69918,3318789,5707.15,34329.05,40036.2,1668.18,16.4,0,sáb
8-11-15,33,52,85,29027,29125,58152,200,9,1,210,29080,1891,824,31795,9359,433,9792,3258230,70351,3328581,5206.53,34312.8,39519.33,1646.64,16.7,0,dom
9-11-15,51,70,121,29078,29195,58273,199,8,5,212,29279,1899,829,32007,8494,492,8986,3266724,70843,3337567,5157.3,34949.3,40106.6,1671.11,15.8,0,lun
10-11-15,30,13,43,29108,29208,58316,56,6,1,63,29335,1905,830,32070,10056,172,10228,3276780,71015,3347795,4606.07,36991.13,41597.2,1733.22,14.3,0,mar
11-11-15,39,31,70,29147,29239,58386,46,2,2,50,29381,1907,832,32120,10706,137,10843,3287486,71152,3358638,5052.3,38017.12,43069.42,1794.56,13.8,0,mié
12-11-15,44,52,96,29191,29291,58482,43,6,2,51,29424,1913,834,32171,11054,137,11191,3298540,71289,3369829,4939.87,38892.38,43832.25,1826.34,13.4,0,jue
13-11-15,50,61,111,29241,29352,58593,84,12,3,99,29508,1925,837,32270,12787,260,13047,3311327,71549,3382876,5787.68,38345.55,44133.23,1838.88,13.7,0,vie
14-11-15,60,73,133,29301,29425,58726,181,17,1,199,29689,1942,838,32469,11376,393,11769,3322703,71942,3394645,5779.75,36420.15,42199.9,1758.33,13,0,sáb
15-11-15,54,69,123,29355,29494,58849,220,2,3,225,29909,1944,841,32694,10213,459,10672,3332916,72401,3405317,5710.35,36154.05,41864.4,1744.35,12.2,0,dom
16-11-15,47,33,80,29402,29527,58929,44,2,3,49,29953,1946,844,32743,9545,110,9655,3342461,72511,3414972,4412.5,39147.01,43559.51,1814.98,11.4,0,lun
17-11-15,16,16,32,29418,29543,58961,28,2,1,31,29981,1948,845,32774,10372,64,10436,3352833,72575,3425408,4781.6,38631.42,43413.02,1808.88,10.6,0,mar
18-11-15,19,16,35,29437,29559,58996,34,2,0,36,30015,1950,845,32810,10986,73,11059,3363819,72648,3436467,4845.47,39322.68,44168.15,1840.34,12.2,0,mié
19-11-15,18,33,51,29455,29592,59047,32,0,1,33,30047,1950,846,32843,11280,71,11351,3375099,72719,3447818,5178.37,39038.33,44216.7,1842.36,13.8,0,jue
20-11-15,16,55,71,29471,29647,59118,83,10,0,93,30130,1960,846,32936,12149,168,12317,3387248,72887,3460135,5681.32,38715.63,44396.95,1849.87,13.3,0,vie
21-11-15,30,30,60,29501,29677,59178,155,7,3,165,30285,1967,849,33101,9836,311,10147,3397084,73198,3470282,4865.95,38894.38,43760.33,1823.35,10.2,0.6,sáb
22-11-15,52,27,79,29553,29704,59257,79,2,0,81,30364,1969,849,33182,7103,206,7309,3404187,73404,3477591,4071.48,40685.48,44756.96,1864.87,6.2,0,dom
23-11-15,25,27,52,29578,29731,59309,30,2,2,34,30394,1971,851,33216,7836,62,7898,3412023,73466,3485489,3803.92,42084.7,45888.62,1912.03,6.4,0,lun
24-11-15,-8,-15,-23,29570,29716,59286,11,1,1,13,30405,1972,852,33229,8593,69,8662,3420616,73535,3494151,3943.42,42711.44,46654.86,1943.95,6.3,0,mar
25-11-15,13,0,13,29583,29716,59299,29,2,0,31,30434,1974,852,33260,9730,63,9793,3430346,73598,3503944,1145.33,42576.47,43721.8,1821.74,11.7,0,mié
26-11-15,5,13,18,29588,29729,59317,50,4,2,56,30484,1978,854,33316,10408,97,10505,3440754,73695,3514449,4731.08,42792.08,47523.16,1980.13,11,0,jue
27-11-15,28,25,53,29616,29754,59370,49,5,2,56,30533,1983,856,33372,11242,131,11373,3451996,73826,3525822,5314.52,41915.45,47229.97,1967.92,11.4,0,vie
28-11-15,33,34,67,29649,29788,59437,176,5,2,183,30709,1988,858,33555,10296,379,10675,3462292,74205,3536497,5293.58,40933.23,46226.81,1926.12,10.2,0,sáb
29-11-15,36,31,67,29685,29819,59504,150,5,1,156,30859,1993,859,33711,8557,304,8861,3470849,74509,3545358,4831.22,40349.04,45180.26,1882.51,7.5,0,dom
30-11-15,7,4,11,29692,29823,59515,28,1,1,30,30887,1994,860,33741,8398,70,8468,3479247,74579,3553826,4050.65,42516.97,46567.62,1940.32,8,0,lun
1-12-15,13,3,16,29705,29826,59531,18,5,1,24,30905,1999,861,33765,9038,58,9096,3488285,74637,3562922,4339.1,43397.2,47736.3,1989.01,8.3,0,mar
2-12-15,9,19,28,29714,29845,59559,22,1,1,24,30927,2000,862,33789,9340,64,9404,3497625,74701,3572326,4357.02,43370.78,47727.8,1988.66,8.4,0,mié
3-12-15,17,48,65,29731,29893,59624,22,1,0,23,30949,2001,862,33812,10303,44,10347,3507928,74745,3582673,4712.12,43595.65,48307.77,2012.82,9.5,0,jue
4-12-15,33,37,70,29764,29930,59694,43,7,5,55,30992,2008,867,33867,10806,105,10911,3518734,74850,3593584,4906.65,42316.53,47223.18,1967.63,11.2,0,vie
5-12-15,28,50,78,29792,29980,59772,195,10,3,208,31187,2018,870,34075,9330,429,9759,3528064,75279,3603343,5252.8,40663.3,45916.1,1913.17,11.7,0,sáb
6-12-15,57,49,106,29849,30029,59878,210,13,1,224,31397,2031,871,34299,8348,503,8851,3536412,75782,3612194,4746.47,40220.95,44967.42,1873.64,10.5,0,dom
7-12-15,33,13,46,29882,30042,59924,108,1,1,110,31505,2032,872,34409,7860,250,8110,3544272,76032,3620304,4124.27,41515.08,45639.35,1901.64,9.4,0,lun
8-12-15,37,35,72,29919,30077,59996,164,0,0,164,31669,2032,872,34573,7519,345,7864,3551791,76377,3628168,4118.78,41180.95,45299.73,1887.49,10.5,0,mar
9-12-15,13,38,51,29932,30115,60047,18,2,0,20,31687,2034,872,34593,9109,82,9191,3560900,76459,3637359,4126.68,42391.42,46518.1,1938.25,11.4,0,mié
10-12-15,22,15,37,29954,30130,60084,16,1,2,19,31703,2035,874,34612,9840,50,9890,3570740,76509,3647249,4343.47,43811.63,48155.1,2006.46,10.2,0,jue
11-12-15,15,35,50,29969,30165,60134,46,10,2,58,31749,2045,876,34670,11144,127,11271,3581884,76636,3658520,5036.63,43789.97,48826.6,2034.44,11,0,vie
12-12-15,29,41,70,29998,30206,60204,109,3,1,113,31858,2048,877,34783,9687,218,9905,3591571,76854,3668425,4563.3,42355.23,46918.53,1954.94,10,0,sáb
13-12-15,22,13,35,30020,30219,60239,97,5,2,104,31955,2053,879,34887,8505,200,8705,3600076,77054,3677130,4266.52,41308.45,45574.97,1898.96,8.6,0,dom
14-12-15,11,23,34,30031,30242,60273,28,5,2,35,31983,2058,881,34922,7827,77,7904,3607903,77131,3685034,3478.25,43926.27,47404.52,1975.19,11.4,0.2,lun
15-12-15,16,29,45,30047,30271,60318,38,3,1,42,32021,2061,882,34964,9476,82,9558,3617379,77213,3694592,3888.93,44130.29,48019.22,2000.8,11.6,0,mar
16-12-15,-4,8,4,30043,30279,60322,29,1,0,30,32050,2062,882,34994,9902,67,9969,3627281,77280,3704561,3419.18,43598.37,47017.55,1959.06,10.8,0,mié
17-12-15,-2,23,21,30041,30302,60343,49,4,1,54,32099,2066,883,35048,10377,142,10519,3637658,77422,3715080,4254.32,44131.2,48385.52,2016.06,10.4,0,jue
18-12-15,-2,29,27,30039,30331,60370,41,4,2,47,32140,2070,885,35095,10936,109,11045,3648594,77531,3726125,4602.87,43126.65,47729.52,1988.73,11,0,vie
19-12-15,32,33,65,30071,30364,60435,149,7,4,160,32289,2077,889,35255,10060,280,10340,3658654,77811,3736465,4733.43,42068,46801.43,1950.06,10.8,0,sáb
20-12-15,15,23,38,30086,30387,60473,89,7,4,100,32378,2084,893,35355,8358,177,8535,3667012,77988,3745000,3894.7,42720.48,46615.18,1942.3,10.8,0,dom
21-12-15,4,11,15,30090,30398,60488,52,8,7,67,32430,2092,900,35422,8670,152,8822,3675682,78140,3753822,3625.5,44007.2,47632.7,1984.7,9.2,0,lun
22-12-15,14,13,27,30104,30411,60515,56,4,4,64,32486,2096,904,35486,9345,187,9532,3685027,78327,3763354,4056.87,42739.65,46796.52,1949.86,9.6,0,mar
23-12-15,27,19,46,30131,30430,60561,63,3,5,71,32549,2099,909,35557,8595,190,8785,3693622,78517,3772139,3762.9,42516.08,46278.98,1928.29,9.4,0,mié
24-12-15,2,7,9,30133,30437,60570,57,7,10,74,32606,2106,919,35631,4942,128,5070,3698564,78645,3777209,2407.17,44013.58,46420.75,1934.2,6.6,0,jue
25-12-15,17,41,58,30150,30478,60628,116,3,6,125,32722,2109,925,35756,3229,317,3546,3701793,78962,3780755,2148.75,44759.65,46908.4,1954.52,8,0,vie
26-12-15,18,19,37,30168,30497,60665,113,6,11,130,32835,2115,936,35886,4831,305,5136,3706624,79267,3785891,2666.3,44473.03,47139.33,1964.14,7.3,0,sáb
27-12-15,22,18,40,30190,30515,60705,118,4,9,131,32953,2119,945,36017,5268,319,5587,3711892,79586,3791478,2917.72,44205.6,47123.32,1963.47,9.4,0,dom
28-12-15,26,23,49,30216,30538,60754,64,10,6,80,33017,2129,951,36097,4701,168,4869,3716593,79754,3796347,2336.37,46912.3,49248.67,2052.03,10.2,3.3,lun
29-12-15,8,9,17,30224,30547,60771,70,12,3,85,33087,2141,954,36182,6205,193,6398,3722798,79947,3802745,2985.2,45917.73,48902.93,2037.62,8.1,0,mar
30-12-15,15,22,37,30239,30569,60808,72,15,2,89,33159,2156,956,36271,6758,219,6977,3729556,80166,3809722,3139.7,46067.73,49207.43,2050.31,8.6,0.5,mié
31-12-15,14,13,27,30253,30582,60835,105,10,4,119,33264,2166,960,36390,4696,255,4951,3734252,80421,3814673,2356.5,48382.05,50738.55,2114.11,10.7,0.1,jue
1-1-16,21,30,51,30274,30612,60886,124,14,4,142,33388,2180,964,36532,3369,289,3658,3737621,80710,3818331,2075.67,46371.02,48446.69,2018.61,11.3,3.2,vie
2-1-16,34,31,65,30308,30643,60951,128,8,2,138,33516,2188,966,36670,4739,298,5037,3742360,81008,3823368,2627.3,45289.78,47917.08,1996.55,8.2,0,sáb
3-1-16,27,20,47,30335,30663,60998,60,5,2,67,33576,2193,968,36737,3919,153,4072,3746279,81161,3827440,2174.65,45031.35,47206,1966.92,8.3,0.4,dom
4-1-16,29,27,56,30364,30690,61054,20,1,2,23,33596,2194,970,36760,4219,95,4314,3750498,81256,3831754,1852.4,45304.4,47156.8,1964.87,10.2,4.1,lun
5-1-16,38,41,79,30402,30731,61133,59,2,4,65,33655,2196,974,36825,6712,144,6856,3757210,81400,3838610,3095.53,46245.07,49340.6,2055.86,6.8,0,mar
6-1-16,19,11,30,30421,30742,61163,37,2,0,39,33692,2198,974,36864,3574,79,3653,3760784,81479,3842263,1922.03,46866.68,48788.71,2032.86,5.2,0.3,mié
7-1-16,29,29,58,30450,30771,61221,35,5,0,40,33727,2203,974,36904,6643,84,6727,3767427,81563,3848990,2683.82,46784.78,49468.6,2061.19,11.6,0.5,jue
8-1-16,31,15,46,30481,30786,61267,35,3,0,38,33762,2206,974,36942,6621,89,6710,3774048,81652,3855700,2792.17,46615.65,49407.82,2058.66,11.6,6,vie
9-1-16,39,52,91,30520,30838,61358,58,1,2,61,33820,2207,976,37003,6132,126,6258,3780180,81778,3861958,2822.3,46712,49534.3,2063.93,9.8,0.2,sáb
10-1-16,19,15,34,30539,30853,61392,28,0,0,28,33848,2207,976,37031,3233,40,3273,3783413,81818,3865231,1611.23,47258.02,48869.25,2036.22,10.2,12,dom
11-1-16,7,18,25,30546,30871,61417,14,6,0,20,33862,2213,976,37051,5910,40,5950,3789323,81858,3871181,2290.87,47777.98,50068.85,2086.2,8.2,0.4,lun
12-1-16,26,36,62,30572,30907,61479,24,7,2,33,33886,2220,978,37084,7710,52,7762,3797033,81910,3878943,3237.1,47498.68,50735.78,2113.99,6.8,0,mar
13-1-16,30,20,50,30602,30927,61529,27,3,0,30,33913,2223,978,37114,8069,58,8127,3805102,81968,3887070,3079.4,48160.17,51239.57,2134.98,5.8,0,mié
14-1-16,16,17,33,30618,30944,61562,3,2,1,6,33916,2225,979,37120,5378,23,5401,3810480,81991,3892471,2205.77,49097.73,51303.5,2137.65,6.2,2.1,jue
15-1-16,26,54,80,30644,30998,61642,21,3,0,24,33937,2228,979,37144,8043,41,8084,3818523,82032,3900555,3137.6,48223.05,51360.65,2140.03,6.8,0,vie
16-1-16,42,54,96,30686,31052,61738,134,8,1,143,34071,2236,980,37287,7218,224,7442,3825741,82256,3907997,3105.53,47187.06,50292.59,2095.52,4.4,0,sáb
17-1-16,37,49,86,30723,31101,61824,65,6,5,76,34136,2242,985,37363,5755,161,5916,3831496,82417,3913913,2549.33,46346.41,48895.74,2037.32,3,0,dom
18-1-16,27,42,69,30750,31143,61893,9,1,0,10,34145,2243,985,37373,7002,51,7053,3838498,82468,3920966,2762.95,47416.1,50179.05,2090.79,6,0,lun
19-1-16,-47,-66,-113,30703,31077,61780,18,2,0,20,34163,2245,985,37393,7669,44,7713,3846167,82512,3928679,2914.52,46339.61,49254.13,2052.26,5.8,0,mar
20-1-16,14,24,38,30717,31101,61818,8,3,0,11,34171,2248,985,37404,7881,47,7928,3854048,82559,3936607,2945.15,46691.97,49637.12,2068.21,5.4,0,mié
21-1-16,12,18,30,30729,31119,61848,21,2,1,24,34192,2250,986,37428,7960,42,8002,3862008,82601,3944609,3000.23,46397.95,49398.18,2058.26,6.8,0,jue
22-1-16,20,13,33,30749,31132,61881,22,6,2,30,34214,2256,988,37458,7674,54,7728,3869682,82655,3952337,2913.7,45758.3,48672,2028,8.6,0.8,vie
23-1-16,54,51,105,30803,31183,61986,195,8,2,205,34409,2264,990,37663,8214,327,8541,3877896,82982,3960878,3716.35,44486.98,48203.33,2008.47,12.2,0,sáb
24-1-16,71,63,134,30874,31246,62120,219,6,0,225,34628,2270,990,37888,8189,401,8590,3886085,83383,3969468,4034.03,42738.33,46772.36,1948.85,12.8,0,dom
25-1-16,27,30,57,30901,31276,62177,38,2,1,41,34666,2272,991,37929,8115,100,8215,3894200,83483,3977683,3072.85,45449.79,48522.64,2021.78,12.2,0,lun
26-1-16,35,43,78,30936,31319,62255,32,2,3,37,34698,2274,994,37966,8852,103,8955,3903052,83586,3986638,3263.32,45551.15,48814.47,2033.94,10.7,0,mar
27-1-16,26,31,57,30962,31350,62312,24,3,1,28,34722,2277,995,37994,8284,65,8349,3911336,83651,3994987,2964.75,46114.55,49079.3,2044.97,8.6,0,mié
28-1-16,27,19,46,30989,31369,62358,21,2,0,23,34743,2279,995,38017,6189,31,6220,3917525,83682,4001207,2319.42,47058.48,49377.9,2057.41,8.5,3.7,jue
29-1-16,31,46,77,31020,31415,62435,28,3,4,35,34771,2282,999,38052,7609,52,7661,3925134,83734,4008868,2893.37,47374.63,50268,2094.5,8.6,0.5,vie
30-1-16,49,58,107,31069,31473,62542,143,5,4,152,34914,2287,1003,38204,7832,233,8065,3932966,83967,4016933,3358.77,47239.01,50597.78,2108.24,8.6,0,sáb
31-1-16,59,71,130,31128,31544,62672,236,4,8,248,35150,2291,1011,38452,7424,402,7826,3940390,84369,4024759,3486.47,44697.17,48183.64,2007.65,10.9,0,dom
1-2-16,21,46,67,31149,31590,62739,46,8,2,56,35196,2299,1013,38508,8451,139,8590,3948841,84508,4033349,3166.52,46143.3,49309.82,2054.58,10.4,0,lun
2-2-16,23,26,49,31172,31616,62788,42,4,0,46,35238,2303,1013,38554,8741,115,8856,3957582,84623,4042205,3205.12,47342.48,50547.6,2106.15,10,0,mar
3-2-16,27,42,69,31199,31658,62857,32,1,1,34,35270,2304,1014,38588,9214,68,9282,3966796,84691,4051487,3345.92,47361.73,50707.65,2112.82,10,0,mié
4-2-16,19,36,55,31218,31694,62912,27,3,0,30,35297,2307,1014,38618,8992,53,9045,3975788,84744,4060532,3308.62,48712.85,52021.47,2167.56,7.4,0,jue
5-2-16,19,58,77,31237,31752,62989,49,6,3,58,35346,2313,1017,38676,9145,95,9240,3984933,84839,4069772,3552.05,48394,51946.05,2164.42,7,0,vie
6-2-16,28,51,79,31265,31803,63068,110,6,3,119,35456,2319,1020,38795,6781,202,6983,3991714,85041,4076755,2921.25,48129,51050.25,2127.09,7,13.8,sáb
7-2-16,21,28,49,31286,31831,63117,125,3,1,129,35581,2322,1021,38924,5337,209,5546,3997051,85250,4082301,2437.65,45749.93,48187.58,2007.82,7.2,0,dom
8-2-16,13,33,46,31299,31864,63163,37,2,0,39,35618,2324,1021,38963,7387,73,7460,4004438,85323,4089761,2713.5,47257.23,49970.73,2082.11,8.8,0,lun
9-2-16,8,25,33,31307,31889,63196,30,0,0,30,35648,2324,1021,38993,7429,63,7492,4011867,85386,4097253,2599.63,47896.55,50496.18,2104.01,10.6,0.6,mar
10-2-16,20,30,50,31327,31919,63246,19,1,1,21,35667,2325,1022,39014,8634,38,8672,4020501,85424,4105925,3005.9,48512.51,51518.41,2146.6,11.4,0,mié
11-2-16,25,8,33,31352,31927,63279,15,3,1,19,35682,2328,1023,39033,7491,24,7515,4027992,85448,4113440,2619.58,48969.13,51588.71,2149.53,13.4,2.8,jue
12-2-16,7,16,23,31359,31943,63302,16,2,0,18,35698,2330,1023,39051,5129,30,5159,4033121,85478,4118599,2113.32,51122.93,53236.25,2218.18,11.2,6.2,vie
13-2-16,26,23,49,31385,31966,63351,86,5,2,93,35784,2335,1025,39144,5180,133,5313,4038301,85611,4123912,2228.82,51033.28,53262.1,2219.25,12.7,2.3,sáb
14-2-16,14,5,19,31399,31971,63370,40,3,1,44,35824,2338,1026,39188,4131,88,4219,4042432,85699,4128131,1822.3,47224.76,49047.06,2043.63,8.2,2.4,dom
15-2-16,12,18,30,31411,31989,63400,25,3,0,28,35849,2341,1026,39216,6740,49,6789,4049172,85748,4134920,2437.52,49442.32,51879.84,2161.66,6.8,0,lun
16-2-16,-5,1,-4,31406,31990,63396,18,0,0,18,35867,2341,1026,39234,7308,46,7354,4056480,85794,4142274,2591.83,49783.65,52375.48,2182.31,4.6,0,mar
17-2-16,4,16,20,31410,32006,63416,18,1,1,20,35885,2342,1027,39254,7468,39,7507,4063948,85833,4149781,2807.87,51766.41,54574.28,2273.93,3,2.2,mié
18-2-16,11,9,20,31421,32015,63436,10,1,1,12,35895,2343,1028,39266,6715,24,6739,4070663,85857,4156520,2389.78,54270.08,56659.86,2360.83,6.8,1.7,jue
19-2-16,13,26,39,31434,32041,63475,53,10,0,63,35948,2353,1028,39329,8267,120,8387,4078930,85977,4164907,3249.15,50861.98,54111.13,2254.63,6.2,0,vie
20-2-16,35,53,88,31469,32094,63563,159,7,3,169,36107,2360,1031,39498,7314,325,7639,4086244,86302,4172546,3350.82,48759,52109.82,2171.24,7.8,0,sáb
21-2-16,28,43,71,31497,32137,63634,136,3,3,142,36243,2363,1034,39640,6678,298,6976,4092922,86600,4179522,3122.87,44108.52,47231.39,1967.97,9,0,dom
22-2-16,14,12,26,31511,32149,63660,39,2,3,44,36282,2365,1037,39684,7883,98,7981,4100805,86698,4187503,2912.58,46801.85,49714.43,2071.43,10.1,0,lun
23-2-16,14,22,36,31525,32171,63696,52,2,2,56,36334,2367,1039,39740,8821,108,8929,4109626,86806,4196432,3397.23,48653.52,52050.75,2168.78,10,0,mar
24-2-16,10,12,22,31535,32183,63718,6,1,2,9,36340,2368,1041,39749,6959,34,6993,4116585,86840,4203425,2576.3,49665.85,52242.15,2176.76,7.4,1.5,mié
25-2-16,20,13,33,31555,32196,63751,34,4,1,39,36374,2372,1042,39788,8496,89,8585,4125081,86929,4212010,3063.6,49345.03,52408.63,2183.69,8.7,0,jue
26-2-16,3,3,6,31558,32199,63757,7,1,0,8,36381,2373,1042,39796,4576,22,4598,4129657,86951,4216608,1704.28,51353.21,53057.49,2210.73,5.8,5.8,vie
27-2-16,26,15,41,31584,32214,63798,82,2,1,85,36463,2375,1043,39881,5636,147,5783,4135293,87098,4222391,2218.9,50332.83,52551.73,2189.66,5.4,0,sáb
28-2-16,18,16,34,31602,32230,63832,68,5,4,77,36531,2380,1047,39958,5276,122,5398,4140569,87220,4227789,2082.9,48908.31,50991.21,2124.63,7.7,0,dom
29-2-16,8,16,24,31610,32246,63856,59,4,1,64,36590,2384,1048,40022,7716,132,7848,4148285,87352,4235637,2758.92,47932.35,50691.27,2112.14,8.2,0,lun
1-3-16,21,24,45,31631,32270,63901,40,2,0,42,36630,2386,1048,40064,8496,103,8599,4156781,87455,4244236,3082.42,48359.08,51441.5,2143.4,9.1,0,mar
2-3-16,17,30,47,31648,32300,63948,31,2,2,35,36661,2388,1050,40099,9229,86,9315,4166010,87541,4253551,3368.52,48186.83,51555.35,2148.14,11.3,0,mié
3-3-16,19,24,43,31667,32324,63991,30,3,0,33,36691,2391,1050,40132,9352,80,9432,4175362,87621,4262983,3368.95,48730.82,52099.77,2170.82,10.2,0,jue
4-3-16,14,33,47,31681,32357,64038,57,4,2,63,36748,2395,1052,40195,8423,130,8553,4183785,87751,4271536,3268.28,48783.95,52052.23,2168.84,9.8,1.5,vie
5-3-16,27,18,45,31708,32375,64083,85,3,1,89,36833,2398,1053,40284,6171,148,6319,4189956,87899,4277855,2555.23,49520.21,52075.44,2169.81,6.8,#N/A,sáb
6-3-16,19,35,54,31727,32410,64137,152,0,2,154,36985,2398,1055,40438,5793,272,6065,4195749,88171,4283920,2675.23,49037.38,51712.61,2154.69,6.6,1.1,dom
7-3-16,24,25,49,31751,32435,64186,29,3,2,34,37014,2401,1057,40472,6226,80,6306,4201975,88251,4290226,2260.2,48514.61,50774.81,2115.62,7,0.5,lun
8-3-16,17,4,21,31768,32439,64207,31,4,2,37,37045,2405,1059,40509,8027,69,8096,4210002,88320,4298322,2762.62,49402.28,52164.9,2173.54,7.4,0,mar
9-3-16,2,-5,-3,31770,32434,64204,26,2,2,30,37071,2407,1061,40539,8058,65,8123,4218060,88385,4306445,2786.53,49204.16,51990.69,2166.28,8.8,0,mié
10-3-16,7,24,31,31777,32458,64235,22,4,0,26,37093,2411,1061,40565,8448,66,8514,4226508,88451,4314959,2872.67,48672.98,51545.65,2147.74,7.2,0,jue
11-3-16,-4,17,13,31773,32475,64248,61,11,1,73,37154,2422,1062,40638,8943,121,9064,4235451,88572,4324023,3185.18,49309.75,52494.93,2187.29,9,0,vie
12-3-16,7,39,46,31780,32514,64294,179,8,1,188,37333,2430,1063,40826,7466,370,7836,4242917,88942,4331859,3304.72,49982.98,53287.7,2220.32,7.6,0,sáb
13-3-16,29,44,73,31809,32558,64367,204,9,1,214,37537,2439,1064,41040,6989,387,7376,4249906,89329,4339235,3265.28,48721.06,51986.34,2166.1,9,0,dom
14-3-16,12,15,27,31821,32573,64394,41,2,0,43,37578,2441,1064,41083,7819,98,7917,4257725,89427,4347152,2839.38,48481,51320.38,2138.35,7.8,0,lun
15-3-16,3,-2,1,31824,32571,64395,31,2,1,34,37609,2443,1065,41117,8757,63,8820,4266482,89490,4355972,2996.77,49020,52016.77,2167.37,9,0,mar
16-3-16,-5,15,10,31819,32586,64405,34,4,2,40,37643,2447,1067,41157,9367,81,9448,4275849,89571,4365420,3245.57,48503.01,51748.58,2156.19,9.6,0,mié
17-3-16,2,12,14,31821,32598,64419,40,4,5,49,37683,2451,1072,41206,9640,124,9764,4285489,89695,4375184,3167.35,48593.18,51760.53,2156.69,10.6,0,jue
18-3-16,8,29,37,31829,32627,64456,56,5,5,66,37739,2456,1077,41272,7918,135,8053,4293407,89830,4383237,2623.88,48814.6,51438.48,2143.27,9.3,18.4,vie
19-3-16,10,2,12,31839,32629,64468,52,4,2,58,37791,2460,1079,41330,4456,104,4560,4297863,89934,4387797,1717.58,50538.5,52256.08,2177.34,9.8,0.2,sáb
20-3-16,26,-7,19,31865,32622,64487,128,11,0,139,37919,2471,1079,41469,4704,226,4930,4302567,90160,4392727,1908.58,49435.61,51344.19,2139.34,9.1,0.1,dom
21-3-16,10,2,12,31875,32624,64499,41,0,2,43,37960,2471,1081,41512,4085,108,4193,4306652,90268,4396920,1442.63,48041.86,49484.49,2061.85,10,19.8,lun
22-3-16,-18,1,-17,31857,32625,64482,74,1,2,77,38034,2472,1083,41589,6274,106,6380,4312926,90374,4403300,2068.52,49898.21,51966.73,2165.28,10.1,0.1,mar
23-3-16,1,18,19,31858,32643,64501,78,2,3,83,38112,2474,1086,41672,6111,143,6254,4319037,90517,4409554,2024.85,49351.08,51375.93,2140.66,9.2,0,mié
24-3-16,26,21,47,31884,32664,64548,202,19,11,232,38314,2493,1097,41904,4115,330,4445,4323152,90847,4413999,1911.35,49391.31,51302.66,2137.61,11,0,jue
25-3-16,22,16,38,31906,32680,64586,157,21,5,183,38471,2514,1102,42087,3565,377,3942,4326717,91224,4417941,1648.98,49792.23,51441.21,2143.38,11,0,vie
26-3-16,13,36,49,31919,32716,64635,195,22,3,220,38666,2536,1105,42307,4063,437,4500,4330780,91661,4422441,1803.72,49166.32,50970.04,2123.75,10.9,0.5,sáb
27-3-16,19,27,46,31938,32743,64681,167,9,2,178,38833,2545,1107,42485,4484,394,4878,4335264,92055,4427319,1954.95,47742.45,49697.4,2070.73,11.6,0,dom
28-3-16,18,26,44,31956,32769,64725,48,1,3,52,38881,2546,1110,42537,6427,150,6577,4341691,92205,4433896,2003.75,46959.6,48963.35,2040.14,11,#N/A,lun
29-3-16,30,15,45,31986,32784,64770,49,2,6,57,38930,2548,1116,42594,8496,139,8635,4350187,92344,4442531,2502.5,47709.02,50211.52,2092.15,13.8,0,mar
30-3-16,12,46,58,31998,32830,64828,67,15,0,82,38997,2563,1116,42676,9752,184,9936,4359939,92528,4452467,3039.68,48038.18,51077.86,2128.24,15.2,0.5,mié
31-3-16,22,31,53,32020,32861,64881,34,2,0,36,39031,2565,1116,42712,8675,95,8770,4368614,92623,4461237,2538.75,48880.28,51419.03,2142.46,8.8,0,jue
1-4-16,28,39,67,32048,32900,64948,48,6,0,54,39079,2571,1116,42766,9409,93,9502,4378023,92716,4470739,2908.2,48646.2,51554.4,2148.1,9.4,0,vie
2-4-16,38,60,98,32086,32960,65046,197,13,4,214,39276,2584,1120,42980,8228,354,8582,4386251,93070,4479321,3131.93,48245.7,51377.63,2140.73,10.3,0,sáb
3-4-16,18,29,47,32104,32989,65093,81,1,0,82,39357,2585,1120,43062,5656,190,5846,4391907,93260,4485167,1891.78,48060.31,49952.09,2081.34,11.4,6.6,dom
4-4-16,-1,5,4,32103,32994,65097,3,0,0,3,39360,2585,1120,43065,2164,8,2172,4394071,93268,4487339,759.88,48222.43,48982.31,2040.93,8.2,13.2,lun
5-4-16,-4,6,2,32099,33000,65099,64,4,1,69,39424,2589,1121,43134,8928,123,9051,4402999,93391,4496390,2618.15,48122.25,50740.4,2114.18,11.5,0,mar
6-4-16,11,15,26,32110,33015,65125,35,10,6,51,39459,2599,1127,43185,9910,88,9998,4412909,93479,4506388,2988.48,47610.8,50599.28,2108.3,13,0,mié
7-4-16,11,25,36,32121,33040,65161,50,4,6,60,39509,2603,1133,43245,10551,132,10683,4423460,93611,4517071,3250.88,47652.97,50903.85,2120.99,13.6,0,jue
8-4-16,15,21,36,32136,33061,65197,76,6,4,86,39585,2609,1137,43331,9941,177,10118,4433401,93788,4527189,3141.62,47263.5,50405.12,2100.21,9.8,0,vie
9-4-16,50,46,96,32186,33107,65293,260,8,0,268,39845,2617,1137,43599,8593,434,9027,4441994,94222,4536216,3242.23,47998.16,51240.39,2135.02,12,0,sáb
10-4-16,14,8,22,32200,33115,65315,69,7,1,77,39914,2624,1138,43676,5373,152,5525,4447367,94374,4541741,1854.32,48803.4,50657.72,2110.74,10,1.9,dom
11-4-16,5,-5,0,32205,33110,65315,28,2,1,31,39942,2626,1139,43707,4838,60,4898,4452205,94434,4546639,1432.77,47788.56,49221.33,2050.89,9.2,5.8,lun
12-4-16,-6,-12,-18,32199,33098,65297,21,0,2,23,39963,2626,1141,43730,4193,40,4233,4456398,94474,4550872,1233.47,50173.13,51406.6,2141.94,10,11.8,mar
13-4-16,2,13,15,32201,33111,65312,45,1,2,48,40008,2627,1143,43778,8921,90,9011,4465319,94564,4559883,2586.12,48473.57,51059.69,2127.49,11.4,0,mié
14-4-16,13,1,14,32214,33112,65326,57,2,1,60,40065,2629,1144,43838,9814,102,9916,4475133,94666,4569799,3015.05,47735.35,50750.4,2114.6,13.4,0,jue
15-4-16,11,5,16,32225,33117,65342,87,8,2,97,40152,2637,1146,43935,9310,188,9498,4484443,94854,4579297,2921.75,47647.18,50568.93,2107.04,13.8,1.8,vie
16-4-16,-5,0,-5,32220,33117,65337,28,5,0,33,40180,2642,1146,43968,4033,61,4094,4488476,94915,4583391,1361.1,49200.12,50561.22,2106.72,11.8,14.7,sáb
17-4-16,45,50,95,32265,33167,65432,279,3,1,283,40459,2645,1147,44251,7784,487,8271,4496260,95402,4591662,3246.38,45820.41,49066.79,2044.45,12.2,0,dom
18-4-16,6,19,25,32271,33186,65457,77,3,5,85,40536,2648,1152,44336,9486,247,9733,4505746,95649,4601395,2985.52,45163.48,48149,2006.21,14.6,0,lun
19-4-16,-5,-17,-22,32266,33169,65435,14,1,2,17,40550,2649,1154,44353,5465,43,5508,4511211,95692,4606903,1579.82,47242,48821.82,2034.24,12.5,27.8,mar
20-4-16,8,-20,-12,32274,33149,65423,10,2,2,14,40560,2651,1156,44367,5336,30,5366,4516547,95722,4612269,1668.45,47006.67,48675.12,2028.13,10.4,2.6,mié
21-4-16,9,12,21,32283,33161,65444,77,3,2,82,40637,2654,1158,44449,9379,144,9523,4525926,95866,4621792,2904.23,46184.3,49088.53,2045.36,12.8,1,jue
22-4-16,13,6,19,32296,33167,65463,79,7,4,90,40716,2661,1162,44539,9275,169,9444,4535201,96035,4631236,2817.93,46552.18,49370.11,2057.09,13.6,0,vie
23-4-16,23,30,53,32319,33197,65516,148,13,1,162,40864,2674,1163,44701,7196,292,7488,4542397,96327,4638724,2459.8,46140.23,48600.03,2025,13.8,3.9,sáb
24-4-16,41,62,103,32360,33259,65619,246,9,1,256,41110,2683,1164,44957,8467,553,9020,4550864,96880,4647744,3377.62,42594.33,45971.95,1915.5,12.8,0,dom
25-4-16,15,35,50,32375,33294,65669,65,5,1,71,41175,2688,1165,45028,9371,157,9528,4560235,97037,4657272,2990.43,45765.05,48755.48,2031.48,13.2,0,lun
26-4-16,20,11,31,32395,33305,65700,34,11,1,46,41209,2699,1166,45074,10348,104,10452,4570583,97141,4667724,3181.92,46713.18,49895.1,2078.96,15,0,mar
27-4-16,7,22,29,32402,33327,65729,54,8,0,62,41263,2707,1166,45136,10338,128,10466,4580921,97269,4678190,3074.38,46514.58,49588.96,2066.21,16.3,1.1,mié
28-4-16,0,8,8,32402,33335,65737,50,6,3,59,41313,2713,1169,45195,9873,142,10015,4590794,97411,4688205,3009.25,46483.77,49493.02,2062.21,14.5,#N/A,jue
29-4-16,1,22,23,32403,33357,65760,81,15,1,97,41394,2728,1170,45292,9532,221,9753,4600326,97632,4697958,3026.72,45935.75,48962.47,2040.1,14.8,1,vie
30-4-16,24,36,60,32427,33393,65820,234,32,6,272,41628,2760,1176,45564,6957,511,7468,4607283,98143,4705426,2956.97,45355.68,48312.65,2013.03,14.1,0,sáb
1-5-16,32,31,63,32459,33424,65883,262,20,3,285,41890,2780,1179,45849,5878,536,6414,4613161,98679,4711840,2646.77,44579.71,47226.48,1967.77,11.2,0,dom
2-5-16,50,13,63,32509,33437,65946,267,8,3,278,42157,2788,1182,46127,6703,525,7228,4619864,99204,4719068,3122.82,42571.81,45694.63,1903.94,14.3,0,lun
3-5-16,14,5,19,32523,33442,65965,76,6,6,88,42233,2794,1188,46215,10253,200,10453,4630117,99404,4729521,3198.65,44776.11,47974.76,1998.95,18.6,0,mar
4-5-16,21,33,54,32544,33475,66019,86,15,3,104,42319,2809,1191,46319,11535,185,11720,4641652,99589,4741241,3655.1,45006.93,48662.03,2027.58,20.2,0,mié
5-5-16,9,32,41,32553,33507,66060,69,6,1,76,42388,2815,1192,46395,9852,190,10042,4651504,99779,4751283,3002.32,46184.05,49186.37,2049.43,17.6,1.2,jue
6-5-16,15,1,16,32568,33508,66076,40,8,0,48,42428,2823,1192,46443,7185,107,7292,4658689,99886,4758575,2159.82,48847.76,51007.58,2125.32,13.5,8.3,vie
7-5-16,12,14,26,32580,33522,66102,154,13,1,168,42582,2836,1193,46611,6695,305,7000,4665384,100191,4765575,2332.5,48652.16,50984.66,2124.36,13.6,5.7,sáb
8-5-16,-1,-4,-5,32579,33518,66097,20,3,1,24,42602,2839,1194,46635,3054,48,3102,4668438,100239,4768677,1043.43,49881.43,50924.86,2121.87,11,14.8,dom
9-5-16,-10,-36,-46,32569,33482,66051,18,2,1,21,42620,2841,1195,46656,5317,34,5351,4673755,100273,4774028,1527.22,48991.55,50518.77,2104.95,11.1,7.6,lun
10-5-16,-22,-18,-40,32547,33464,66011,12,0,0,12,42632,2841,1195,46668,5697,40,5737,4679452,100313,4779765,1657.62,48711.11,50368.73,2098.7,12.6,6.6,mar
11-5-16,0,-23,-23,32547,33441,65988,19,2,1,22,42651,2843,1196,46690,7080,44,7124,4686532,100357,4786889,1999.48,47894.96,49894.44,2078.94,11.4,6.4,mié
12-5-16,8,1,9,32555,33442,65997,38,7,1,46,42689,2850,1197,46736,8743,57,8800,4695275,100414,4795689,2550.77,46895.48,49446.25,2060.26,12.1,0,jue
13-5-16,-1,-6,-7,32554,33436,65990,41,13,1,55,42730,2863,1198,46791,8197,80,8277,4703472,100494,4803966,2381.63,47123.68,49505.31,2062.72,12.4,0.3,vie
14-5-16,18,19,37,32572,33455,66027,182,16,5,203,42912,2879,1203,46994,7334,382,7716,4710806,100876,4811682,2693.62,46073.39,48767.01,2031.96,14.2,0,sáb
15-5-16,21,31,52,32593,33486,66079,231,22,3,256,43143,2901,1206,47250,7474,523,7997,4718280,101399,4819679,3077.72,44963.4,48041.12,2001.71,16.6,0,dom
16-5-16,39,29,68,32632,33515,66147,240,23,5,268,43383,2924,1211,47518,8096,547,8643,4726376,101946,4828322,3458.07,45357.09,48815.16,2033.97,16.4,0,lun
17-5-16,3,3,6,32635,33518,66153,51,7,5,63,43434,2931,1216,47581,10527,267,10794,4736903,102213,4839116,3245.88,45582.48,48828.36,2034.52,18.5,0,mar
18-5-16,2,8,10,32637,33526,66163,53,7,0,60,43487,2938,1216,47641,11489,174,11663,4748392,102387,4850779,3600.02,45695.48,49295.5,2053.98,19.2,0,mié
19-5-16,23,46,69,32660,33572,66232,48,4,8,60,43535,2942,1224,47701,11790,136,11926,4760182,102523,4862705,3622.98,45737.52,49360.5,2056.69,19.5,0,jue
20-5-16,14,37,51,32674,33609,66283,118,19,4,141,43653,2961,1228,47842,12225,266,12491,4772407,102789,4875196,3994.32,45542.98,49537.3,2064.05,21.1,0,vie
21-5-16,51,54,105,32725,33663,66388,266,12,5,283,43919,2973,1233,48125,10361,565,10926,4782768,103354,4886122,3896.4,44867.7,48764.1,2031.84,22.4,0,sáb
22-5-16,34,55,89,32759,33718,66477,252,7,8,267,44171,2980,1241,48392,8902,538,9440,4791670,103892,4895562,3562.17,45073.98,48636.15,2026.51,18.2,0,dom
23-5-16,12,29,41,32771,33747,66518,88,4,2,94,44259,2984,1243,48486,10154,244,10398,4801824,104136,4905960,3278.9,43203.55,46482.45,1936.77,16.2,0,lun
24-5-16,4,17,21,32775,33764,66539,50,9,4,63,44309,2993,1247,48549,10947,143,11090,4812771,104279,4917050,3412.47,45221.56,48634.03,2026.42,20.1,0,mar
25-5-16,-8,17,9,32767,33781,66548,65,13,4,82,44374,3006,1251,48631,10956,169,11125,4823727,104448,4928175,3319.12,45515.63,48834.75,2034.78,17.5,0,mié
26-5-16,3,4,7,32770,33785,66555,84,14,11,109,44458,3020,1262,48740,11927,226,12153,4835654,104674,4940328,3664.58,45559.22,49223.8,2050.99,19.4,0,jue
27-5-16,14,20,34,32784,33805,66589,131,10,8,149,44589,3030,1270,48889,12026,285,12311,4847680,104959,4952639,3958.07,45336.83,49294.9,2053.95,19.2,0,vie
28-5-16,15,10,25,32799,33815,66614,131,15,7,153,44720,3045,1277,49042,7365,288,7653,4855045,105247,4960292,2508.33,45837.78,48346.11,2014.42,16.4,4.2,sáb
29-5-16,28,38,66,32827,33853,66680,193,6,2,201,44913,3051,1279,49243,7612,407,8019,4862657,105654,4968311,2720.17,44394.6,47114.77,1963.12,15.6,0,dom
30-5-16,30,27,57,32857,33880,66737,81,7,2,90,44994,3058,1281,49333,10238,228,10466,4872895,105882,4978777,3128.93,45007.45,48136.38,2005.68,16.4,0,lun
31-5-16,25,28,53,32882,33908,66790,74,3,4,81,45068,3061,1285,49414,11024,166,11190,4883919,106048,4989967,3360.73,43944.9,47305.63,1971.07,17.4,0,mar
1-6-16,-3,29,26,32879,33937,66816,65,3,10,78,45133,3064,1295,49492,11860,168,12028,4895779,106216,5001995,3736.55,44160.25,47896.8,1995.7,19.6,0,mié
2-6-16,58,37,95,32937,33974,66911,66,8,2,76,45199,3072,1297,49568,12091,179,12270,4907870,106395,5014265,3671.55,44792,48463.55,2019.31,20.5,0,jue
3-6-16,28,43,71,32965,34017,66982,81,15,1,97,45280,3087,1298,49665,11862,235,12097,4919732,106630,5026362,3892.45,44135.08,48027.53,2001.15,22.8,0.6,vie
4-6-16,44,66,110,33009,34083,67092,222,17,6,245,45502,3104,1304,49910,9605,454,10059,4929337,107084,5036421,3606.88,44977.17,48584.05,2024.34,21,0,sáb
5-6-16,55,62,117,33064,34145,67209,265,3,6,274,45767,3107,1310,50184,9158,570,9728,4938495,107654,5046149,3682.98,43788.58,47471.56,1977.98,21.9,0,dom
6-6-16,14,29,43,33078,34174,67252,79,8,6,93,45846,3115,1316,50277,11216,248,11464,4949711,107902,5057613,3689.05,45202.46,48891.51,2037.15,22.7,0,lun
7-6-16,22,41,63,33100,34215,67315,65,7,12,84,45911,3122,1328,50361,12214,204,12418,4961925,108106,5070031,3837.42,45641.07,49478.49,2061.6,25.6,0,mar
8-6-16,9,-14,-5,33109,34201,67310,74,6,5,85,45985,3128,1333,50446,12863,201,13064,4974788,108307,5083095,3994.72,44448.23,48442.95,2018.46,26.7,0,mié
9-6-16,30,21,51,33139,34222,67361,77,12,3,92,46062,3140,1336,50538,12630,228,12858,4987418,108535,5095953,3970.52,43938.82,47909.34,1996.22,27.2,0,jue
10-6-16,15,9,24,33154,34231,67385,120,25,2,147,46182,3165,1338,50685,12882,299,13181,5000300,108834,5109134,4184.7,42666.88,46851.58,1952.15,25.2,0,vie
11-6-16,18,18,36,33172,34249,67421,189,15,4,208,46371,3180,1342,50893,9684,439,10123,5009984,109273,5119257,3538.73,43051.85,46590.58,1941.27,25.1,0,sáb
12-6-16,34,40,74,33206,34289,67495,161,12,8,181,46532,3192,1350,51074,8959,401,9360,5018943,109674,5128617,3463.9,43135.19,46599.09,1941.63,24.4,0,dom
13-6-16,26,34,60,33232,34323,67555,48,7,4,59,46580,3199,1354,51133,11566,149,11715,5030509,109823,5140332,3607.75,43986.68,47594.43,1983.1,25.4,0,lun
14-6-16,11,-4,7,33243,34319,67562,58,3,2,63,46638,3202,1356,51196,12381,136,12517,5042890,109959,5152849,3949.87,44237.23,48187.1,2007.8,22.7,0,mar
15-6-16,-16,-2,-18,33227,34317,67544,46,4,0,50,46684,3206,1356,51246,11285,113,11398,5054175,110072,5164247,3450.78,45900.3,49351.08,2056.3,17.2,0.5,mié
16-6-16,0,3,3,33227,34320,67547,32,3,7,42,46716,3209,1363,51288,10832,81,10913,5065007,110153,5175160,3246.17,46142.65,49388.82,2057.87,15.2,0,jue
17-6-16,14,5,19,33241,34325,67566,73,15,1,89,46789,3224,1364,51377,11401,130,11531,5076408,110283,5186691,3473.9,44731.83,48205.73,2008.57,16.9,0,vie
18-6-16,17,22,39,33258,34347,67605,160,14,0,174,46949,3238,1364,51551,8934,350,9284,5085342,110633,5195975,3365.53,44708.5,48074.03,2003.08,19.1,0,sáb
19-6-16,31,24,55,33289,34371,67660,129,4,2,135,47078,3242,1366,51686,8285,305,8590,5093627,110938,5204565,3178.35,43675.42,46853.77,1952.24,19.8,0,dom
20-6-16,5,15,20,33294,34386,67680,56,10,3,69,47134,3252,1369,51755,11266,112,11378,5104893,111050,5215943,3548.37,44327.75,47876.12,1994.84,23.4,0,lun
21-6-16,0,15,15,33294,34401,67695,53,8,3,64,47187,3260,1372,51819,12178,134,12312,5117071,111184,5228255,3781.18,44109.46,47890.64,1995.44,26.8,0,mar
22-6-16,6,10,16,33300,34411,67711,64,7,1,72,47251,3267,1373,51891,12653,152,12805,5129724,111336,5241060,4004.1,43688.1,47692.2,1987.18,27.5,0,mié
23-6-16,8,20,28,33308,34431,67739,84,10,3,97,47335,3277,1376,51988,12639,170,12809,5142363,111506,5253869,4041.8,44328.08,48369.88,2015.41,26.4,0,jue
24-6-16,13,-4,9,33321,34427,67748,100,16,1,117,47435,3293,1377,52105,12167,235,12402,5154530,111741,5266271,4038.07,44487.45,48525.52,2021.9,27.3,0,vie
25-6-16,9,20,29,33330,34447,67777,177,15,4,196,47612,3308,1381,52301,8780,408,9188,5163310,112149,5275459,3301.15,45072.9,48374.05,2015.59,26.2,0,sáb
26-6-16,21,1,22,33351,34448,67799,145,10,7,162,47757,3318,1388,52463,8510,337,8847,5171820,112486,5284306,3194.28,44246.41,47440.69,1976.7,24.5,0,dom
27-6-16,9,-1,8,33360,34447,67807,55,3,5,63,47812,3321,1393,52526,11352,199,11551,5183172,112685,5295857,3578.08,43993.68,47571.76,1982.16,26.6,0,lun
28-6-16,-2,22,20,33358,34469,67827,54,6,3,63,47866,3327,1396,52589,12087,138,12225,5195259,112823,5308082,3816.05,43736.72,47552.77,1981.37,28.6,0,mar
29-6-16,11,17,28,33369,34486,67855,59,3,1,63,47925,3330,1397,52652,12558,155,12713,5207817,112978,5320795,3902.82,44011.83,47914.65,1996.44,28.9,0,mié
30-6-16,24,15,39,33393,34501,67894,50,7,5,62,47975,3337,1402,52714,12961,147,13108,5220778,113125,5333903,4158.33,43693.25,47851.58,1993.82,27.8,0,jue
1-7-16,16,24,40,33409,34525,67934,59,7,0,66,48034,3344,1402,52780,11751,155,11906,5232529,113280,5345809,3759.95,43357.08,47117.03,1963.21,27.8,0,vie
2-7-16,9,0,9,33418,34525,67943,121,15,8,144,48155,3359,1410,52924,8519,298,8817,5241048,113578,5354626,3074.52,42885.58,45960.1,1915,28.6,0,sáb
3-7-16,14,47,61,33432,34572,68004,153,6,6,165,48308,3365,1416,53089,7946,360,8306,5248994,113938,5362932,3032.27,39236.23,42268.5,1761.19,28.4,0,dom
4-7-16,30,32,62,33462,34604,68066,99,6,7,112,48407,3371,1423,53201,10524,255,10779,5259518,114193,5373711,3555.62,41880.57,45436.19,1893.17,28.6,0.2,lun
5-7-16,27,43,70,33489,34647,68136,67,5,5,77,48474,3376,1428,53278,12205,152,12357,5271723,114345,5386068,3870.22,42589.77,46459.99,1935.83,27.2,5.5,mar
6-7-16,26,36,62,33515,34683,68198,60,6,5,71,48534,3382,1433,53349,11981,160,12141,5283704,114505,5398209,3782.77,42987.65,46770.42,1948.77,26.8,5.7,mié
7-7-16,13,18,31,33528,34701,68229,60,14,5,79,48594,3396,1438,53428,11717,167,11884,5295421,114672,5410093,3746.08,43011.45,46757.53,1948.23,25.8,0,jue
8-7-16,17,27,44,33545,34728,68273,68,18,2,88,48662,3414,1440,53516,11306,183,11489,5306727,114855,5421582,3706.93,42684.93,46391.86,1932.99,27.8,0,vie
9-7-16,18,15,33,33563,34743,68306,133,14,3,150,48795,3428,1443,53666,8220,328,8548,5314947,115183,5430130,3145.53,44255.65,47401.18,1975.05,29.8,0,sáb
10-7-16,28,29,57,33591,34772,68363,108,4,10,122,48903,3432,1453,53788,7306,340,7646,5322253,115523,5437776,2761.62,42895.33,45656.95,1902.37,31.4,0,dom
11-7-16,8,53,61,33599,34825,68424,41,5,4,50,48944,3437,1457,53838,11081,137,11218,5333334,115660,5448994,3571.67,44052.9,47624.57,1984.36,31,0,lun
12-7-16,-194,-148,-342,33405,34677,68082,66,13,4,83,49010,3450,1461,53921,12213,153,12366,5345547,115813,5461360,3912.67,43740.25,47652.92,1985.54,28.2,0,mar
13-7-16,-7,20,13,33398,34697,68095,64,7,4,75,49074,3457,1465,53996,12648,180,12828,5358195,115993,5474188,3922.52,42480.93,46403.45,1933.48,23.2,0,mié
14-7-16,-15,35,20,33383,34732,68115,66,12,7,85,49140,3469,1472,54081,12046,196,12242,5370241,116189,5486430,3893.85,41579.93,45473.78,1894.74,21.8,0,jue
15-7-16,7,-6,1,33390,34726,68116,62,17,1,80,49202,3486,1473,54161,11028,188,11216,5381269,116377,5497646,3622.85,42342.21,45965.06,1915.21,22.6,0,vie
16-7-16,11,2,13,33401,34728,68129,168,11,4,183,49370,3497,1477,54344,7663,357,8020,5388932,116734,5505666,2886.67,43458.78,46345.45,1931.06,26.7,0,sáb
17-7-16,17,24,41,33418,34752,68170,98,7,6,111,49468,3504,1483,54455,7107,267,7374,5396039,117001,5513040,2799.63,41941.13,44740.76,1864.2,28.8,0,dom
18-7-16,-420,-204,-624,32998,34548,67546,69,3,4,76,49537,3507,1487,54531,10286,175,10461,5406325,117176,5523501,3341.35,42835.08,46176.43,1924.02,30.1,0,lun
19-7-16,-21,-5,-26,32977,34543,67520,55,8,5,68,49592,3515,1492,54599,11385,168,11553,5417710,117344,5535054,3704.3,42008.33,45712.63,1904.69,29.6,0,mar
20-7-16,-39,-8,-47,32938,34535,67473,75,3,6,84,49667,3518,1498,54683,11436,199,11635,5429146,117543,5546689,3644.22,42370.65,46014.87,1917.29,29.9,0,mié
21-7-16,-24,-20,-44,32914,34515,67429,49,9,2,60,49716,3527,1500,54743,11715,143,11858,5440861,117686,5558547,3691.57,43171.21,46862.78,1952.62,28.2,0,jue
22-7-16,-1,-13,-14,32913,34502,67415,80,12,4,96,49796,3539,1504,54839,10152,212,10364,5451013,117898,5568911,3439.37,43122.53,46561.9,1940.08,26.8,0,vie
23-7-16,-31,4,-27,32882,34506,67388,120,11,6,137,49916,3550,1510,54976,6206,302,6508,5457219,118200,5575419,2563.93,44711.83,47275.76,1969.82,24.8,0,sáb
24-7-16,-26,-5,-31,32856,34501,67357,144,2,3,149,50060,3552,1513,55125,5615,302,5917,5462834,118502,5581336,2309.6,43985.83,46295.43,1928.98,26.2,0,dom
25-7-16,14,12,26,32870,34513,67383,95,8,3,106,50155,3560,1516,55231,6071,216,6287,5468905,118718,5587623,2496.93,45882.92,48379.85,2015.83,29,0,lun
26-7-16,-40,-6,-46,32830,34507,67337,54,13,4,71,50209,3573,1520,55302,10209,143,10352,5479114,118861,5597975,3395.6,45178.95,48574.55,2023.94,30.6,0,mar
27-7-16,-24,-9,-33,32806,34498,67304,52,3,1,56,50261,3576,1521,55358,10951,145,11096,5490065,119006,5609071,3593.12,44470.35,48063.47,2002.64,31,0,mié
28-7-16,-20,-3,-23,32786,34495,67281,65,7,4,76,50326,3583,1525,55434,11138,151,11289,5501203,119157,5620360,3656.3,43886.92,47543.22,1980.97,30.3,0,jue
29-7-16,-10,-1,-11,32776,34494,67270,73,8,4,85,50399,3591,1529,55519,10110,175,10285,5511313,119332,5630645,3493.87,44625.25,48119.12,2004.96,31.5,0,vie
30-7-16,14,22,36,32790,34516,67306,83,11,10,104,50482,3602,1539,55623,7009,195,7204,5518322,119527,5637849,2597.13,46098.28,48695.41,2028.98,30,0,sáb
31-7-16,-1,-8,-9,32789,34508,67297,126,4,2,132,50608,3606,1541,55755,6726,296,7022,5525048,119823,5644871,2776.8,44666.83,47443.63,1976.82,27.2,0,dom
1-8-16,12,31,43,32801,34539,67340,72,11,3,86,50680,3617,1544,55841,8628,187,8815,5533676,120010,5653686,2989.3,45776.03,48765.33,2031.89,27.6,0,lun
2-8-16,-18,16,-2,32783,34555,67338,98,5,1,104,50778,3622,1545,55945,8900,185,9085,5542576,120195,5662771,3038.27,45217.8,48256.07,2010.67,29.4,0,mar
3-8-16,-31,8,-23,32752,34563,67315,75,12,2,89,50853,3634,1547,56034,9396,204,9600,5551972,120399,5672371,3248.42,45030.87,48279.29,2011.64,30.6,0,mié
4-8-16,-21,24,3,32731,34587,67318,57,6,2,65,50910,3640,1549,56099,9293,176,9469,5561265,120575,5681840,3144.43,45118.52,48262.95,2010.96,29.3,0,jue
5-8-16,-21,19,-2,32710,34606,67316,104,2,5,111,51014,3642,1554,56210,8371,191,8562,5569636,120766,5690402,2931.65,44923.3,47854.95,1993.96,26.8,0,vie
6-8-16,-5,-9,-14,32705,34597,67302,118,10,6,134,51132,3652,1560,56344,5758,258,6016,5575394,121024,5696418,2384.7,45531.81,47916.51,1996.52,27.6,0,sáb
7-8-16,-30,-2,-32,32675,34595,67270,121,4,1,126,51253,3656,1561,56470,5413,263,5676,5580807,121287,5702094,2383.03,44271.48,46654.51,1943.94,28,0,dom
8-8-16,-16,10,-6,32659,34605,67264,85,6,4,95,51338,3662,1565,56565,7363,205,7568,5588170,121492,5709662,2508.63,45789.5,48298.13,2012.42,28.9,0,lun
9-8-16,-13,-8,-21,32646,34597,67243,64,7,8,79,51402,3669,1573,56644,7729,168,7897,5595899,121660,5717559,2622.38,45374.51,47996.89,1999.87,27.5,0,mar
10-8-16,-17,-3,-20,32629,34594,67223,69,5,2,76,51471,3674,1575,56720,7980,176,8156,5603879,121836,5725715,2759.55,44321.75,47081.3,1961.72,23,0,mié
11-8-16,-28,-8,-36,32601,34586,67187,74,11,7,92,51545,3685,1582,56812,7932,242,8174,5611811,122078,5733889,2865.9,45179.97,48045.87,2001.91,23.4,0,jue
12-8-16,-9,-28,-37,32592,34558,67150,122,11,9,142,51667,3696,1591,56954,6982,274,7256,5618793,122352,5741145,2757.27,46005.03,48762.3,2031.76,25.8,0,vie
13-8-16,-23,-29,-52,32569,34529,67098,138,18,2,158,51805,3714,1593,57112,5006,313,5319,5623799,122665,5746464,2228.58,46737.56,48966.14,2040.26,27.4,0,sáb
14-8-16,-9,11,2,32560,34540,67100,186,10,4,200,51991,3724,1597,57312,4671,447,5118,5628470,123112,5751582,2308.48,44966.38,47274.86,1969.79,27.4,0,dom
15-8-16,-3,-1,-4,32557,34539,67096,126,16,3,145,52117,3740,1600,57457,4916,352,5268,5633386,123464,5756850,2306.7,47349.73,49656.43,2069.02,27.7,0,lun
16-8-16,-11,-5,-16,32546,34534,67080,76,13,4,93,52193,3753,1604,57550,7307,249,7556,5640693,123713,5764406,2708.52,45883.83,48592.35,2024.68,28,0,mar
17-8-16,-16,-13,-29,32530,34521,67051,87,18,4,109,52280,3771,1608,57659,7701,222,7923,5648394,123935,5772329,2801.55,45514.81,48316.36,2013.18,26.8,0,mié
18-8-16,-2,3,1,32528,34524,67052,74,12,4,90,52354,3783,1612,57749,7991,248,8239,5656385,124183,5780568,2858.5,45896.96,48755.46,2031.48,27.2,0,jue
19-8-16,3,-8,-5,32531,34516,67047,72,8,0,80,52426,3791,1612,57829,7511,232,7743,5663896,124415,5788311,2715.62,46838.4,49554.02,2064.75,27.6,0,vie
20-8-16,3,-15,-12,32534,34501,67035,127,15,5,147,52553,3806,1617,57976,5738,317,6055,5669634,124732,5794366,2512.25,47385.75,49898,2079.08,27.5,0,sáb
21-8-16,-6,-13,-19,32528,34488,67016,158,2,4,164,52711,3808,1621,58140,5577,347,5924,5675211,125079,5800290,2491.67,45715.25,48206.92,2008.62,25.4,0,dom
22-8-16,12,20,32,32540,34508,67048,59,6,6,71,52770,3814,1627,58211,8095,176,8271,5683306,125255,5808561,2944.42,47627.01,50571.43,2107.14,28.4,0,lun
23-8-16,-6,-14,-20,32534,34494,67028,79,8,2,89,52849,3822,1629,58300,8495,208,8703,5691801,125463,5817264,3006.45,46914.81,49921.26,2080.05,29.6,0,mar
24-8-16,-12,-16,-28,32522,34478,67000,78,3,0,81,52927,3825,1629,58381,9040,189,9229,5700841,125652,5826493,3145.97,46965.3,50111.27,2087.97,28,0,mié
25-8-16,-10,-3,-13,32512,34475,66987,91,12,2,105,53018,3837,1631,58486,9013,266,9279,5709854,125918,5835772,3221.47,46595.05,49816.52,2075.69,27.6,0,jue
26-8-16,-3,-5,-8,32509,34470,66979,82,8,2,92,53100,3845,1633,58578,8348,201,8549,5718202,126119,5844321,3005.93,46368.23,49374.16,2057.26,27.4,0,vie
27-8-16,3,19,22,32512,34489,67001,141,15,2,158,53241,3860,1635,58736,6998,335,7333,5725200,126454,5851654,2830.5,45989.36,48819.86,2034.16,28.9,0,sáb
28-8-16,-12,-10,-22,32500,34479,66979,133,7,3,143,53374,3867,1638,58879,6451,325,6776,5731651,126779,5858430,2833.17,44166.97,47000.14,1958.34,28.7,0,dom
29-8-16,6,31,37,32506,34510,67016,54,12,4,70,53428,3879,1642,58949,9176,143,9319,5740827,126922,5867749,3111.72,47334.05,50445.77,2101.91,28,0,lun
30-8-16,-1,17,16,32505,34527,67032,51,4,2,57,53479,3883,1644,59006,10113,102,10215,5750940,127024,5877964,3330.43,45724.22,49054.65,2043.94,25.2,0,mar
31-8-16,21,21,42,32526,34548,67074,53,7,5,65,53532,3890,1649,59071,10646,143,10789,5761586,127167,5888753,3587.4,45511.15,49098.55,2045.77,26.9,0,mié
1-9-16,1,4,5,32527,34552,67079,49,3,2,54,53581,3893,1651,59125,10919,103,11022,5772505,127270,5899775,3540.8,44650.98,48191.78,2007.99,27.8,0,jue
2-9-16,28,12,40,32555,34564,67119,63,11,4,78,53644,3904,1655,59203,10929,133,11062,5783434,127403,5910837,3676.35,44232.62,47908.97,1996.21,27.2,0,vie
3-9-16,26,12,38,32581,34576,67157,141,20,8,169,53785,3924,1663,59372,8301,301,8602,5791735,127704,5919439,3183.57,44825.12,48008.69,2000.36,29.2,0,sáb
4-9-16,22,36,58,32603,34612,67215,130,12,5,147,53915,3936,1668,59519,7925,328,8253,5799660,128032,5927692,3097.63,42711.2,45808.83,1908.7,29.6,0,dom
5-9-16,13,49,62,32616,34661,67277,40,5,3,48,53955,3941,1671,59567,10470,123,10593,5810130,128155,5938285,3363.28,43966.85,47330.13,1972.09,29.9,0,lun
6-9-16,1,9,10,32617,34670,67287,41,4,4,49,53996,3945,1675,59616,10927,115,11042,5821057,128270,5949327,3615.83,42922.96,46538.79,1939.12,30.6,0,mar
7-9-16,-38,-12,-50,32579,34658,67237,36,5,4,45,54032,3950,1679,59661,11193,80,11273,5832250,128350,5960600,3689.58,42625.33,46314.91,1929.79,31,0,mié
8-9-16,-18,-14,-32,32561,34644,67205,63,3,3,69,54095,3953,1682,59730,11283,125,11408,5843533,128475,5972008,3769.2,42719.27,46488.47,1937.02,26.9,0,jue
9-9-16,-8,-10,-18,32553,34634,67187,56,13,6,75,54151,3966,1688,59805,10819,143,10962,5854352,128618,5982970,3840.8,42690.03,46530.83,1938.78,25.4,0,vie
10-9-16,-3,18,15,32550,34652,67202,178,12,5,195,54329,3978,1693,60000,7990,322,8312,5862342,128940,5991282,3155.25,42684.18,45839.43,1909.98,26.2,0,sáb
11-9-16,-5,4,-1,32545,34656,67201,126,8,2,136,54455,3986,1695,60136,7576,255,7831,5869918,129195,5999113,3135.48,40164.53,43300.01,1804.17,26.4,0,dom
12-9-16,1,19,20,32546,34675,67221,39,9,4,52,54494,3995,1699,60188,9565,138,9703,5879483,129333,6008816,3197.17,41799.83,44997,1874.88,26.8,0.9,lun
13-9-16,-34,6,-28,32512,34681,67193,20,7,1,28,54514,4002,1700,60216,8067,70,8137,5887550,129403,6016953,2608.62,41751.4,44360.02,1848.33,19.8,7,mar
14-9-16,-42,-30,-72,32470,34651,67121,30,9,1,40,54544,4011,1701,60256,9261,121,9382,5896811,129524,6026335,3130.43,42827.35,45957.78,1914.91,15.7,0.2,mié
15-9-16,-29,-30,-59,32441,34621,67062,40,6,3,49,54584,4017,1704,60305,9846,115,9961,5906657,129639,6036296,3557.27,42388.03,45945.3,1914.39,15.4,0,jue
16-9-16,-16,8,-8,32425,34629,67054,59,14,5,78,54643,4031,1709,60383,9495,151,9646,5916152,129790,6045942,3419.32,41613.33,45032.65,1876.36,18.6,0,vie
17-9-16,9,18,27,32434,34647,67081,132,12,2,146,54775,4043,1711,60529,7241,225,7466,5923393,130015,6053408,2900.4,41457.53,44357.93,1848.25,18.5,0,sáb
18-9-16,-6,7,1,32428,34654,67082,154,11,2,167,54929,4054,1713,60696,6623,300,6923,5930016,130315,6060331,2943.95,39825.8,42769.75,1782.07,17.7,0,dom
19-9-16,3,-3,0,32431,34651,67082,44,5,3,52,54973,4059,1716,60748,7953,103,8056,5937969,130418,6068387,2853.03,41355.93,44208.96,1842.04,18.2,0,lun
20-9-16,-53,-2,-55,32378,34649,67027,36,4,4,44,55009,4063,1720,60792,8762,79,8841,5946731,130497,6077228,3044.22,39766.75,42810.97,1783.79,20.8,0,mar
21-9-16,-30,-27,-57,32348,34622,66970,26,3,2,31,55035,4066,1722,60823,8862,67,8929,5955593,130564,6086157,3123.57,39353.33,42476.9,1769.87,20.9,0,mié
22-9-16,-43,-4,-47,32305,34618,66923,41,1,3,45,55076,4067,1725,60868,9039,94,9133,5964632,130658,6095290,3193.15,39421.97,42615.12,1775.63,20.3,0,jue
23-9-16,-4,-19,-23,32301,34599,66900,67,7,0,74,55143,4074,1725,60942,8378,97,8475,5973010,130755,6103765,2886.17,38541.71,41427.88,1726.16,21.2,0,vie
24-9-16,-14,37,23,32287,34636,66923,155,16,5,176,55298,4090,1730,61118,6482,256,6738,5979492,131011,6110503,2660,36838.3,39498.3,1645.76,21,0,sáb
25-9-16,-5,4,-1,32282,34640,66922,151,5,1,157,55449,4095,1731,61275,5751,251,6002,5985243,131262,6116505,2629.27,32760.06,35389.33,1474.56,21,0,dom
26-9-16,-14,-15,-29,32268,34625,66893,51,2,3,56,55500,4097,1734,61331,6247,96,6343,5991490,131358,6122848,2246.87,32013.27,34260.14,1427.51,21.7,0,lun
27-9-16,-36,-17,-53,32232,34608,66840,34,2,3,39,55534,4099,1737,61370,7728,64,7792,5999218,131422,6130640,2727.8,34602.53,37330.33,1555.43,22,0,mar
28-9-16,-54,-55,-109,32178,34553,66731,42,3,5,50,55576,4102,1742,61420,8299,67,8366,6007517,131489,6139006,2858.55,36441.75,39300.3,1637.51,20.2,0,mié
29-9-16,-52,-7,-59,32126,34546,66672,41,3,1,45,55617,4105,1743,61465,8452,80,8532,6015969,131569,6147538,3043.12,37223.68,40266.8,1677.78,19.6,0,jue
30-9-16,-26,19,-7,32100,34565,66665,60,9,2,71,55677,4114,1745,61536,8666,129,8795,6024635,131698,6156333,3176.85,39455.85,42632.7,1776.36,20.2,0,vie
1-10-16,-9,10,1,32091,34575,66666,146,13,4,163,55823,4127,1749,61699,7097,278,7375,6031732,131976,6163708,2945.53,39120.9,42066.43,1752.77,20.8,0,sáb
2-10-16,-4,12,8,32087,34587,66674,197,3,4,204,56020,4130,1753,61903,6789,364,7153,6038521,132340,6170861,3165.25,36469.4,39634.65,1651.44,19.8,0,dom
3-10-16,-21,-10,-31,32066,34577,66643,56,1,3,60,56076,4131,1756,61963,7955,92,8047,6046476,132432,6178908,2806.63,39039.35,41845.98,1743.58,20.9,0,lun
4-10-16,-19,-18,-37,32047,34559,66606,37,3,3,43,56113,4134,1759,62006,8608,76,8684,6055084,132508,6187592,3096.1,38789.58,41885.68,1745.24,21.4,0,mar
5-10-16,-51,-25,-76,31996,34534,66530,21,2,3,26,56134,4136,1762,62032,8796,51,8847,6063880,132559,6196439,2924.67,36514.25,39438.92,1643.29,21.4,0,mié
6-10-16,-13,-7,-20,31983,34527,66510,37,9,3,49,56171,4145,1765,62081,9093,87,9180,6072973,132646,6205619,3141.4,38471.41,41612.81,1733.87,21.6,0,jue
7-10-16,-25,24,-1,31958,34551,66509,55,27,0,82,56226,4172,1765,62163,8688,154,8842,6081661,132800,6214461,3233.45,39731.57,42965.02,1790.21,19.5,0,vie
8-10-16,-14,15,1,31944,34566,66510,181,11,5,197,56407,4183,1770,62360,6889,348,7237,6088550,133148,6221698,2943.97,39950.51,42894.48,1787.27,19.2,0,sáb
9-10-16,-23,10,-13,31921,34576,66497,151,8,1,160,56558,4191,1771,62520,6079,336,6415,6094629,133484,6228113,2618.65,38837.7,41456.35,1727.35,19,0,dom
10-10-16,-8,-26,-34,31913,34550,66463,46,4,2,52,56604,4195,1773,62572,7277,110,7387,6101906,133594,6235500,2514.57,38568.55,41083.12,1711.8,18.3,0,lun
11-10-16,-24,-22,-46,31889,34528,66417,31,2,5,38,56635,4197,1778,62610,8050,82,8132,6109956,133676,6243632,2785.22,38464.18,41249.4,1718.73,16.5,6,mar
12-10-16,-41,-58,-99,31848,34470,66318,13,1,0,14,56648,4198,1778,62624,2759,22,2781,6112715,133698,6246413,1068.15,26979.51,28047.66,1168.65,12.7,13.3,mié
13-10-16,-53,-27,-80,31795,34443,66238,12,0,3,15,56660,4198,1781,62639,4491,35,4526,6117206,133733,6250939,1596.13,36994.2,38590.33,1607.93,13.8,1.1,jue
14-10-16,-39,2,-37,31756,34445,66201,27,4,2,33,56687,4202,1783,62672,6151,49,6200,6123357,133782,6257139,2266.23,35503.7,37769.93,1573.75,14.7,0.4,vie
15-10-16,-7,-8,-15,31749,34437,66186,94,4,1,99,56781,4206,1784,62771,5162,144,5306,6128519,133926,6262445,2097,34349.06,36446.06,1518.59,12.8,0,sáb
16-10-16,-8,-15,-23,31741,34422,66163,94,2,1,97,56875,4208,1785,62868,4381,180,4561,6132900,134106,6267006,1964.38,29788.7,31753.08,1323.05,15.1,0,dom
17-10-16,-20,-18,-38,31721,34404,66125,20,6,1,27,56895,4214,1786,62895,5113,70,5183,6138013,134176,6272189,1924.73,33660.22,35584.95,1482.71,16.2,5,lun
18-10-16,-26,-35,-61,31695,34369,66064,18,0,2,20,56913,4214,1788,62915,6263,44,6307,6144276,134220,6278496,2040.73,32851.78,34892.51,1453.85,16.4,6.1,mar
19-10-16,-40,-30,-70,31655,34339,65994,9,1,0,10,56922,4215,1788,62925,4292,17,4309,6148568,134237,6282805,1489.58,30990.73,32480.31,1353.35,16.5,4.7,mié
20-10-16,-47,-38,-85,31608,34301,65909,12,0,0,12,56934,4215,1788,62937,3888,14,3902,6152456,134251,6286707,1531.13,30109.87,31641,1318.38,15.9,1.9,jue
21-10-16,-31,-15,-46,31577,34286,65863,36,6,5,47,56970,4221,1793,62984,5610,68,5678,6158066,134319,6292385,2020.38,28008.53,30028.91,1251.2,15.2,0.3,vie
22-10-16,-33,-29,-62,31544,34257,65801,22,3,0,25,56992,4224,1793,63009,2604,43,2647,6160670,134362,6295032,1022.88,27607.66,28630.54,1192.94,14.6,21.8,sáb
23-10-16,-29,-28,-57,31515,34229,65744,17,0,1,18,57009,4224,1794,63027,1917,36,1953,6162587,134398,6296985,703.52,22810.38,23513.9,979.75,13,12.8,dom
24-10-16,-22,-42,-64,31493,34187,65680,12,1,0,13,57021,4225,1794,63040,3811,32,3843,6166398,134430,6300828,1388.43,24600,25988.43,1082.85,12.4,0.6,lun
25-10-16,-39,-36,-75,31454,34151,65605,20,2,1,23,57041,4227,1795,63063,5060,36,5096,6171458,134466,6305924,1675.98,25324.92,27000.9,1125.04,16,1.4,mar
26-10-16,-48,-38,-86,31406,34113,65519,34,2,1,37,57075,4229,1796,63100,5920,60,5980,6177378,134526,6311904,2156.35,25390.81,27547.16,1147.8,18.3,0,mié
27-10-16,-45,-13,-58,31361,34100,65461,32,3,2,37,57107,4232,1798,63137,5986,73,6059,6183364,134599,6317963,2125.02,25553.11,27678.13,1153.26,19.4,0,jue
28-10-16,-9,-13,-22,31352,34087,65439,32,6,4,42,57139,4238,1802,63179,5541,62,5603,6188905,134661,6323566,2045.92,25769.92,27815.84,1158.99,18,0,vie
29-10-16,4,-6,-2,31356,34081,65437,99,21,5,125,57238,4259,1807,63304,4389,186,4575,6193294,134847,6328141,1945.07,24208.45,26153.52,1089.73,17,0,sáb
30-10-16,-16,-1,-17,31340,34080,65420,131,4,2,137,57369,4263,1809,63441,3617,255,3872,6196911,135102,6332013,1890.25,20316.5,22206.75,888.27,16,0,dom
31-10-16,-14,-11,-25,31326,34069,65395,71,1,0,72,57440,4264,1809,63513,4701,117,4818,6201612,135219,6336831,1956.18,22287.1,24243.28,1010.14,15,0,lun
1-11-16,-11,-4,-15,31315,34065,65380,97,4,2,103,57537,4268,1811,63616,4235,168,4403,6205847,135387,6341234,1872.42,24301.8,26174.22,1090.59,13.2,0,mar
2-11-16,-41,-24,-65,31274,34041,65315,17,5,5,27,57554,4273,1816,63643,5645,46,5691,6211492,135433,6346925,1885.1,21219.03,23104.13,962.67,15.2,0,mié
3-11-16,-27,-16,-43,31247,34025,65272,16,2,3,21,57570,4275,1819,63664,6153,58,6211,6217645,135491,6353136,2275.72,24914.03,27189.75,1132.91,16,5.5,jue
4-11-16,-13,-18,-31,31234,34007,65241,6,1,0,7,57576,4276,1819,63671,2947,18,2965,6220592,135509,6356101,1166.1,27152.66,28318.76,1179.95,14,11.7,vie
5-11-16,-9,-26,-35,31225,33981,65206,10,1,2,13,57586,4277,1821,63684,2166,19,2185,6222758,135528,6358286,952.38,28032.61,28984.99,1207.71,11.4,14.4,sáb
6-11-16,5,-15,-10,31230,33966,65196,71,7,2,80,57657,4284,1823,63764,3682,122,3804,6226440,135650,6362090,1697.77,17353.71,19051.48,793.81,9.4,0,dom
7-11-16,-28,-14,-42,31202,33952,65154,18,1,2,21,57675,4285,1825,63785,4564,56,4620,6231004,135706,6366710,1779.38,26673.65,28453.03,1185.54,7.3,0.6,lun
8-11-16,-46,-39,-85,31156,33913,65069,14,4,1,19,57689,4289,1826,63804,5525,45,5570,6236529,135751,6372280,2045.67,27895.98,29941.65,1247.57,6.8,0.2,mar
9-11-16,-39,-24,-63,31117,33889,65006,49,1,0,50,57738,4290,1826,63854,4031,61,4092,6240560,135812,6376372,1458.8,26846.1,28304.9,1179.37,11,0,mié
10-11-16,-19,-15,-34,31098,33874,64972,21,0,2,23,57759,4290,1828,63877,5555,50,5605,6246115,135862,6381977,2059.87,25625.33,27685.2,1153.55,8.3,0,jue
11-11-16,-14,-26,-40,31084,33848,64932,30,7,1,38,57789,4297,1829,63915,5773,67,5840,6251888,135929,6387817,2195.15,26023.13,28218.28,1175.76,8.8,0,vie
12-11-16,0,-14,-14,31084,33834,64918,77,10,2,89,57866,4307,1831,64004,4465,121,4586,6256353,136050,6392403,1850.67,25061.81,26912.48,1121.35,8.7,0,sáb
13-11-16,-5,-2,-7,31079,33832,64911,84,4,2,90,57950,4311,1833,64094,4276,144,4420,6260629,136194,6396823,1889.02,24862.75,26751.77,1114.66,12.2,0,dom
14-11-16,-22,-30,-52,31057,33802,64859,13,1,3,17,57963,4312,1836,64111,5138,35,5173,6265767,136229,6401996,1793.17,25689.7,27482.87,1145.12,10.2,0,lun
15-11-16,-12,-37,-49,31045,33765,64810,25,3,2,30,57988,4315,1838,64141,5148,57,5205,6270915,136286,6407201,1864.5,25375.63,27240.13,1135.01,10.2,0,mar
16-11-16,-15,-47,-62,31030,33718,64748,23,0,2,25,58011,4315,1840,64166,5450,40,5490,6276365,136326,6412691,2085.55,24096.85,26182.4,1090.93,9.5,0,mié
17-11-16,-56,-28,-84,30974,33690,64664,16,2,1,19,58027,4317,1841,64185,5774,39,5813,6282139,136365,6418504,2234.2,24442.53,26676.73,1111.53,10.5,0,jue
18-11-16,-15,-27,-42,30959,33663,64622,22,7,0,29,58049,4324,1841,64214,5858,67,5925,6287997,136432,6424429,2201.6,25993.53,28195.13,1174.8,10,0,vie
19-11-16,-22,-4,-26,30937,33659,64596,101,7,0,108,58150,4331,1841,64322,4556,183,4739,6292553,136615,6429168,1904.37,26077.6,27981.97,1165.92,8.2,5.7,sáb
20-11-16,-19,-32,-51,30918,33627,64545,4,0,0,4,58154,4331,1841,64326,1502,22,1524,6294055,136637,6430692,786.88,27207.93,27994.81,1166.45,8.8,15.7,dom
21-11-16,-18,-46,-64,30900,33581,64481,12,1,1,14,58166,4332,1842,64340,4146,25,4171,6298201,136662,6434863,1377.2,27163.08,28540.28,1189.18,9.5,0.1,lun
22-11-16,-19,-50,-69,30881,33531,64412,6,1,1,8,58172,4333,1843,64348,4850,12,4862,6303051,136674,6439725,1678.8,27601.83,29280.63,1220.03,8,0.1,mar
23-11-16,-24,-51,-75,30857,33480,64337,9,0,0,9,58181,4333,1843,64357,4312,12,4324,6307363,136686,6444049,1533.53,27159.6,28693.13,1195.55,6.4,1.4,mié
24-11-16,-21,-19,-40,30836,33461,64297,11,4,3,18,58192,4337,1846,64375,5213,26,5239,6312576,136712,6449288,1915.75,28180.13,30095.88,1254,5.7,0,jue
25-11-16,-21,-25,-46,30815,33436,64251,3,0,0,3,58195,4337,1846,64378,2759,8,2767,6315335,136720,6452055,1097.92,30423.71,31521.63,1313.4,4.6,12.4,vie
26-11-16,-24,-22,-46,30791,33414,64205,6,0,0,6,58201,4337,1846,64384,1782,9,1791,6317117,136729,6453846,745.33,30107.71,30853.04,1285.54,7.8,19.9,sáb
27-11-16,-19,-19,-38,30772,33395,64167,5,2,2,9,58206,4339,1848,64393,1802,18,1820,6318919,136747,6455666,714,29748.05,30462.05,1269.25,9.6,7,dom
28-11-16,-19,-34,-53,30753,33361,64114,25,5,3,33,58231,4344,1851,64426,5310,62,5372,6324229,136809,6461038,1715.08,29976.28,31691.36,1320.47,9.9,0,lun
29-11-16,-11,-31,-42,30742,33330,64072,8,0,1,9,58239,4344,1852,64435,5299,27,5326,6329528,136836,6466364,1810.37,31122.66,32933.03,1372.21,9.4,1,mar
30-11-16,-12,-14,-26,30730,33316,64046,12,0,1,13,58251,4344,1853,64448,5987,39,6026,6335515,136875,6472390,2178.2,31052.58,33230.78,1384.62,11.6,0,mié
1-12-16,-24,-10,-34,30706,33306,64012,9,3,0,12,58260,4347,1853,64460,6249,23,6272,6341764,136898,6478662,2119.35,31320.42,33439.77,1393.32,10.3,0,jue
2-12-16,-8,3,-5,30698,33309,64007,20,1,1,22,58280,4348,1854,64482,6511,45,6556,6348275,136943,6485218,2411.83,31872.53,34284.36,1428.52,9.8,0,vie
3-12-16,2,10,12,30700,33319,64019,90,7,1,98,58370,4355,1855,64580,4623,173,4796,6352898,137116,6490014,1914.73,32252.57,34167.3,1423.64,9,12.1,sáb
4-12-16,-2,-2,-4,30698,33317,64015,6,5,1,12,58376,4360,1856,64592,1937,26,1963,6354835,137142,6491977,861.22,33515.9,34377.12,1432.38,10.4,5.3,dom
5-12-16,2,-11,-9,30700,33306,64006,33,1,2,36,58409,4361,1858,64628,5256,67,5323,6360091,137209,6497300,1875.22,33071,34946.22,1456.09,11.8,0,lun
6-12-16,10,9,19,30710,33315,64025,103,10,3,116,58512,4371,1861,64744,4903,191,5094,6364994,137400,6502394,2132.92,32708.1,34841.02,1451.71,10.5,0,mar
7-12-16,-10,-3,-13,30700,33312,64012,20,2,1,23,58532,4373,1862,64767,5971,61,6032,6370965,137461,6508426,2228.8,32720.03,34948.83,1456.2,8.8,0,mié
8-12-16,3,-2,1,30703,33310,64013,71,1,3,75,58603,4374,1865,64842,4449,117,4566,6375414,137578,6512992,1990.55,33506.53,35497.08,1479.05,8.8,0,jue
9-12-16,-3,-8,-11,30700,33302,64002,44,10,0,54,58647,4384,1865,64896,5341,82,5423,6380755,137660,6518415,1990.67,33610.45,35601.12,1483.38,9.5,0,vie
10-12-16,1,5,6,30701,33307,64008,112,6,0,118,58759,4390,1865,65014,4806,206,5012,6385561,137866,6523427,2131.38,33736.38,35867.76,1494.49,10.8,0,sáb
11-12-16,-7,-4,-11,30694,33303,63997,74,3,1,78,58833,4393,1866,65092,4386,134,4520,6389947,138000,6527947,1785.57,34560.26,36345.83,1514.41,8.8,0,dom
12-12-16,-20,-14,-34,30674,33289,63963,14,0,0,14,58847,4393,1866,65106,5650,30,5680,6395597,138030,6533627,1912.03,34975.8,36887.83,1536.99,7.2,0,lun
13-12-16,-14,-25,-39,30660,33264,63924,11,6,0,17,58858,4399,1866,65123,5799,25,5824,6401396,138055,6539451,2041.05,34295.76,36336.81,1514.03,6.6,0,mar
14-12-16,-34,-32,-66,30626,33232,63858,8,0,0,8,58866,4399,1866,65131,5191,15,5206,6406587,138070,6544657,1758.03,33992.43,35750.46,1489.6,8,5.8,mié
15-12-16,-13,-28,-41,30613,33204,63817,7,2,0,9,58873,4401,1866,65140,4259,15,4274,6410846,138085,6548931,1517.17,34640.2,36157.37,1506.56,8.8,3.8,jue
16-12-16,-20,-22,-42,30593,33182,63775,3,1,3,7,58876,4402,1869,65147,4169,14,4183,6415015,138099,6553114,1396.42,35465.57,36861.99,1535.92,8.2,2.8,vie
17-12-16,-13,-14,-27,30580,33168,63748,74,5,3,82,58950,4407,1872,65229,5660,117,5777,6420675,138216,6558891,2084.8,34133.58,36218.38,1509.1,10.4,0,sáb
18-12-16,-10,5,-5,30570,33173,63743,63,3,1,67,59013,4410,1873,65296,4624,111,4735,6425299,138327,6563626,1753.17,34566.83,36320,1513.33,8.2,0,dom
19-12-16,-14,-19,-33,30556,33154,63710,20,2,2,24,59033,4412,1875,65320,5723,54,5777,6431022,138381,6569403,1964.68,34917.58,36882.26,1536.76,6.8,0,lun
20-12-16,-8,-10,-18,30548,33144,63692,17,6,2,25,59050,4418,1877,65345,6158,50,6208,6437180,138431,6575611,2088.77,35028.25,37117.02,1546.54,5.8,0,mar
21-12-16,-6,-9,-15,30542,33135,63677,16,2,11,29,59066,4420,1888,65374,6711,67,6778,6443891,138498,6582389,2288.02,34257.62,36545.64,1522.74,7.9,0,mié
22-12-16,7,-12,-5,30549,33123,63672,14,1,0,15,59080,4421,1888,65389,6676,46,6722,6450567,138544,6589111,2308.17,33792.77,36100.94,1504.21,8,0,jue
23-12-16,-11,-8,-19,30538,33115,63653,35,4,3,42,59115,4425,1891,65431,5949,102,6051,6456516,138646,6595162,2093.95,33470.97,35564.92,1481.87,8.8,0,vie
24-12-16,0,-9,-9,30538,33106,63644,37,2,2,41,59152,4427,1893,65472,3265,87,3352,6459781,138733,6598514,1252.28,34353.45,35605.73,1483.57,8.8,0,sáb
25-12-16,3,-2,1,30541,33104,63645,45,8,12,65,59197,4435,1905,65537,1911,116,2027,6461692,138849,6600541,868.78,34243.01,35111.79,1462.99,7.2,0,dom
26-12-16,7,-7,0,30548,33097,63645,67,5,8,80,59264,4440,1913,65617,2996,131,3127,6464688,138980,6603668,1349.12,32997.38,34346.5,1431.1,7.6,0,lun
27-12-16,-15,-24,-39,30533,33073,63606,63,5,6,74,59327,4445,1919,65691,4799,160,4959,6469487,139140,6608627,1906.47,32687.98,34594.45,1441.44,9.8,0,mar
28-12-16,-10,-11,-21,30523,33062,63585,98,5,5,108,59425,4450,1924,65799,5185,247,5432,6474672,139387,6614059,1927.58,33501.08,35428.66,1476.19,9,0,mié
29-12-16,-6,-4,-10,30517,33058,63575,95,6,8,109,59520,4456,1932,65908,5561,211,5772,6480233,139598,6619831,2015.72,33629.01,35644.73,1485.2,6.9,0,jue
30-12-16,-20,-3,-23,30497,33055,63552,82,9,4,95,59602,4465,1936,66003,4972,208,5180,6485205,139806,6625011,1909.67,34206.93,36116.6,1504.86,5,0,vie
31-12-16,-4,-5,-9,30493,33050,63543,31,6,4,41,59633,4471,1940,66044,2696,103,2799,6487901,139909,6627810,1076.63,35096.58,36173.21,1507.22,0.4,0,sáb
1-1-17,-2,-2,-4,30491,33048,63539,60,1,5,66,59693,4472,1945,66110,1767,133,1900,6489668,140042,6629710,832.8,34549.78,35382.58,1474.27,1.7,0,dom
2-1-17,0,-13,-13,30491,33035,63526,51,11,7,69,59744,4483,1952,66179,3297,116,3413,6492965,140158,6633123,1169.08,35174.15,36343.23,1514.3,2.7,0,lun
3-1-17,-4,1,-3,30487,33036,63523,53,7,3,63,59797,4490,1955,66242,4507,156,4663,6497472,140314,6637786,1623.75,34968.9,36592.65,1524.69,6,#N/A,mar
4-1-17,-8,1,-7,30479,33037,63516,57,3,4,64,59854,4493,1959,66306,5214,162,5376,6502686,140476,6643162,1871.85,34729.2,36601.05,1525.04,6.8,0,mié
5-1-17,2,-3,-1,30481,33034,63515,39,2,1,42,59893,4495,1960,66348,5077,118,5195,6507763,140594,6648357,1750.18,36261.92,38012.1,1583.84,7.2,0,jue
6-1-17,13,7,20,30494,33041,63535,86,8,3,97,59979,4503,1963,66445,2934,161,3095,6510697,140755,6651452,1287.22,35485.1,36772.32,1532.18,5.4,0,vie
7-1-17,17,4,21,30511,33045,63556,47,2,1,50,60026,4505,1964,66495,4030,111,4141,6514727,140866,6655593,1444.12,36311.6,37755.72,1573.16,5,0,sáb
8-1-17,8,9,17,30519,33054,63573,56,0,1,57,60082,4505,1965,66552,3760,97,3857,6518487,140963,6659450,1317.8,36808.5,38126.3,1588.6,5.5,0,dom
9-1-17,2,9,11,30521,33063,63584,34,2,0,36,60116,4507,1965,66588,5686,76,5762,6524173,141039,6665212,1711.38,37006.21,38717.59,1613.23,5.4,0,lun
10-1-17,4,-6,-2,30525,33057,63582,20,1,1,22,60136,4508,1966,66610,6221,55,6276,6530394,141094,6671488,1859.65,37429.87,39289.52,1637.06,7.7,0,mar
11-1-17,3,13,16,30528,33070,63598,32,0,1,33,60168,4508,1967,66643,6974,54,7028,6537368,141148,6678516,2048.08,37537.22,39585.3,1649.39,10.4,0,mié
12-1-17,-2,9,7,30526,33079,63605,35,2,1,38,60203,4510,1968,66681,6788,77,6865,6544156,141225,6685381,2100.75,37269.08,39369.83,1640.41,8.6,0,jue
13-1-17,-16,3,-13,30510,33082,63592,34,6,6,46,60237,4516,1974,66727,6743,105,6848,6550899,141330,6692229,2175.4,37148,39323.4,1638.48,7.2,0,vie
14-1-17,7,-4,3,30517,33078,63595,71,5,1,77,60308,4521,1975,66804,5080,149,5229,6555979,141479,6697458,1789.53,37248.8,39038.33,1626.6,3.8,0,sáb
15-1-17,-1,16,15,30516,33094,63610,61,2,1,64,60369,4523,1976,66868,4234,139,4373,6560213,141618,6701831,1521.9,37709.12,39231.02,1634.63,6.6,0,dom
16-1-17,2,3,5,30518,33097,63615,25,1,1,27,60394,4524,1977,66895,6036,54,6090,6566249,141672,6707921,1797.03,38034.43,39831.46,1659.64,6.2,0,lun
17-1-17,-12,-13,-25,30506,33084,63590,11,4,2,17,60405,4528,1979,66912,5961,34,5995,6572210,141706,6713916,1774.18,38930.08,40704.26,1696.01,5.8,0,mar
18-1-17,-17,-6,-23,30489,33078,63567,14,3,0,17,60419,4531,1979,66929,5328,47,5375,6577538,141753,6719291,1603.33,39249.25,40852.58,1702.19,1,0,mié
19-1-17,-17,-9,-26,30472,33069,63541,17,1,1,19,60436,4532,1980,66948,5084,55,5139,6582622,141808,6724430,1484.75,38602.31,40087.06,1670.29,2.1,0,jue
20-1-17,-21,-20,-41,30451,33049,63500,21,4,1,26,60457,4536,1981,66974,5243,55,5298,6587865,141863,6729728,1519.98,38599.87,40119.85,1671.66,5.7,0,vie
21-1-17,-13,-22,-35,30438,33027,63465,55,2,2,59,60512,4538,1983,67033,4548,119,4667,6592413,141982,6734395,1577.77,38914.41,40492.18,1687.17,7.2,0,sáb
22-1-17,4,5,9,30442,33032,63474,55,0,2,57,60567,4538,1985,67090,4003,96,4099,6596416,142078,6738494,1285.47,38854.3,40139.77,1672.49,4.6,0,dom
23-1-17,8,6,14,30450,33038,63488,16,1,2,19,60583,4539,1987,67109,5768,35,5803,6602184,142113,6744297,1592.1,38585.45,40177.55,1674.06,7.3,0,lun
24-1-17,-11,-27,-38,30439,33011,63450,9,0,0,9,60592,4539,1987,67118,6515,25,6540,6608699,142138,6750837,1838.13,38770.48,40608.61,1692.03,6.7,0,mar
25-1-17,-11,-11,-22,30428,33000,63428,16,1,0,17,60608,4540,1987,67135,6435,37,6472,6615134,142175,6757309,1823.75,38373.73,40197.48,1674.9,5.2,0,mié
26-1-17,-7,8,1,30421,33008,63429,11,0,1,12,60619,4540,1988,67147,6187,17,6204,6621321,142192,6763513,1753.87,38632.3,40386.17,1682.76,4,12.5,jue
27-1-17,-6,-13,-19,30415,32995,63410,3,0,0,3,60622,4540,1988,67150,4038,10,4048,6625359,142202,6767561,1125.97,39324.73,40450.7,1685.45,5.1,7.5,vie
28-1-17,7,2,9,30422,32997,63419,92,1,0,93,60714,4541,1988,67243,4479,141,4620,6629838,142343,6772181,1485.77,39708.63,41194.4,1716.43,6.4,0,sáb
29-1-17,-4,6,2,30418,33003,63421,32,0,1,33,60746,4541,1989,67276,2874,52,2926,6632712,142395,6775107,903.25,40799.45,41702.7,1737.61,7,1.5,dom
30-1-17,-4,6,2,30414,33009,63423,32,0,0,32,60778,4541,1989,67308,5438,67,5505,6638150,142462,6780612,1482.37,40314.48,41796.85,1741.54,9.8,0,lun
31-1-17,-13,-19,-32,30401,32990,63391,23,3,7,33,60801,4544,1996,67341,6756,45,6801,6644906,142507,6787413,1855.4,39726.58,41581.98,1732.58,10.8,0,mar
1-2-17,-36,-7,-43,30365,32983,63348,15,2,1,18,60816,4546,1997,67359,6245,53,6298,6651151,142560,6793711,1743.52,40045.33,41788.85,1741.2,8.1,4.2,mié
2-2-17,-21,-19,-40,30344,32964,63308,14,2,0,16,60830,4548,1997,67375,5170,39,5209,6656321,142599,6798920,1408.53,40727.1,42135.63,1755.65,9.7,3,jue
3-2-17,-25,-6,-31,30319,32958,63277,11,2,0,13,60841,4550,1997,67388,5573,49,5622,6661894,142648,6804542,1559.25,40893.03,42452.28,1768.85,9.4,0.2,vie
4-2-17,-10,2,-8,30309,32960,63269,36,7,0,43,60877,4557,1997,67431,4093,74,4167,6665987,142722,6808709,1173.8,41439.93,42613.73,1775.57,11.6,3.7,sáb
5-2-17,5,23,28,30314,32983,63297,48,3,1,52,60925,4560,1998,67483,3967,97,4064,6669954,142819,6812773,1289.3,41276.29,42565.59,1773.57,7.6,0,dom
6-2-17,-10,-15,-25,30304,32968,63272,25,0,1,26,60950,4560,1999,67509,6602,49,6651,6676556,142868,6819424,1796.7,40889.25,42685.95,1778.58,10.8,0,lun
7-2-17,-8,-26,-34,30296,32942,63238,7,1,0,8,60957,4561,1999,67517,6097,20,6117,6682653,142888,6825541,1622.9,40733.03,42355.93,1764.83,9.5,0.8,mar
8-2-17,-10,-1,-11,30286,32941,63227,11,1,0,12,60968,4562,1999,67529,7163,19,7182,6689816,142907,6832723,1941.78,39925.78,41867.56,1744.48,6.3,0,mié
9-2-17,5,-18,-13,30291,32923,63214,22,1,2,25,60990,4563,2001,67554,7020,42,7062,6696836,142949,6839785,1904.18,40028.3,41932.48,1747.19,5.2,0,jue
10-2-17,-13,-12,-25,30278,32911,63189,10,1,1,12,61000,4564,2002,67566,4641,18,4659,6701477,142967,6844444,1348.02,40420.68,41768.7,1740.36,4,4.5,vie
11-2-17,-10,-20,-30,30268,32891,63159,19,4,0,23,61019,4568,2002,67589,2477,27,2504,6703954,142994,6846948,729.4,41431.7,42161.1,1756.71,5.6,9.7,sáb
12-2-17,-13,1,-12,30255,32892,63147,10,0,0,10,61029,4568,2002,67599,1929,14,1943,6705883,143008,6848891,565.4,41878.86,42444.26,1768.51,9.1,16.5,dom
13-2-17,5,-13,-8,30260,32879,63139,15,2,0,17,61044,4570,2002,67616,5536,36,5572,6711419,143044,6854463,1472.47,41459.43,42931.9,1788.83,9,0.7,lun
14-2-17,-5,-9,-14,30255,32870,63125,39,9,1,49,61083,4579,2003,67665,6990,82,7072,6718409,143126,6861535,1892.88,40952.63,42845.51,1785.23,7.8,0,mar
15-2-17,-9,-7,-16,30246,32863,63109,37,3,0,40,61120,4582,2003,67705,7583,93,7676,6725992,143219,6869211,2150.7,40493.1,42643.8,1776.83,9.6,0,mié
16-2-17,-11,-14,-25,30235,32849,63084,36,2,2,40,61156,4584,2005,67745,7515,107,7622,6733507,143326,6876833,2061.1,40599.15,42660.25,1777.51,8.8,0,jue
17-2-17,-3,3,0,30232,32852,63084,61,10,2,73,61217,4594,2007,67818,7240,141,7381,6740747,143467,6884214,2165.3,40642.92,42808.22,1783.68,8.6,0,vie
18-2-17,19,5,24,30251,32857,63108,104,10,2,116,61321,4604,2009,67934,5624,222,5846,6746371,143689,6890060,1953.87,40268.27,42222.14,1759.26,8.8,0,sáb
19-2-17,12,18,30,30263,32875,63138,150,2,4,156,61471,4606,2013,68090,5006,326,5332,6751377,144015,6895392,1970.02,40502.91,42472.93,1769.71,10.1,0,dom
20-2-17,5,5,10,30268,32880,63148,40,7,0,47,61511,4613,2013,68137,7069,105,7174,6758446,144120,6902566,1978.2,40737.07,42715.27,1779.8,9.2,0,lun
21-2-17,-5,24,19,30263,32904,63167,55,7,1,63,61566,4620,2014,68200,7568,120,7688,6766014,144240,6910254,2143.98,40594.58,42738.56,1780.77,10.4,0,mar
22-2-17,1,8,9,30264,32912,63176,37,11,1,49,61603,4631,2015,68249,8019,97,8116,6774033,144337,6918370,2265.53,40105.65,42371.18,1765.47,12.8,0,mié
23-2-17,9,0,9,30273,32912,63185,39,4,1,44,61642,4635,2016,68293,7093,99,7192,6781126,144436,6925562,1998.77,40275.94,42274.71,1761.45,12.4,1.5,jue
24-2-17,4,9,13,30277,32921,63198,42,19,3,64,61684,4654,2019,68357,8240,144,8384,6789366,144580,6933946,2440.63,40098.08,42538.71,1772.45,12.3,0,vie
25-2-17,21,36,57,30298,32957,63255,199,15,3,217,61883,4669,2022,68574,6264,397,6661,6795630,144977,6940607,2408.73,40048.62,42457.35,1769.06,10.2,0,sáb
26-2-17,16,25,41,30314,32982,63296,143,1,6,150,62026,4670,2028,68724,5421,328,5749,6801051,145305,6946356,1966.78,40694.71,42661.49,1777.56,10.3,0,dom
27-2-17,11,1,12,30325,32983,63308,66,7,3,76,62092,4677,2031,68800,7052,174,7226,6808103,145479,6953582,2053.27,41062.57,43115.84,1796.49,10.1,0,lun
28-2-17,0,-4,-4,30325,32979,63304,35,2,5,42,62127,4679,2036,68842,7552,100,7652,6815655,145579,6961234,2034.6,40968.96,43003.56,1791.82,9.6,0,mar
1-3-17,-3,14,11,30322,32993,63315,36,4,1,41,62163,4683,2037,68883,8361,81,8442,6824016,145660,6969676,2313.22,40796.71,43109.93,1796.25,10.6,0,mié
2-3-17,8,20,28,30330,33013,63343,54,8,2,64,62217,4691,2039,68947,8320,114,8434,6832336,145774,6978110,1918.48,41242.01,43160.49,1798.35,11,0,jue
3-3-17,-7,-13,-20,30323,33000,63323,19,1,0,20,62236,4692,2039,68967,5411,47,5458,6837747,145821,6983568,1517.27,42019.93,43537.2,1814.05,8,2.1,vie
4-3-17,1,1,2,30324,33001,63325,79,7,0,86,62315,4699,2039,69053,5072,159,5231,6842819,145980,6988799,1603.1,42433.21,44036.31,1834.85,5.3,0,sáb
5-3-17,9,14,23,30333,33015,63348,115,1,1,117,62430,4700,2040,69170,4633,164,4797,6847452,146144,6993596,1507.83,42537.52,44045.35,1835.22,8.6,0,dom
6-3-17,4,17,21,30337,33032,63369,23,1,1,25,62453,4701,2041,69195,7913,48,7961,6855365,146192,7001557,2124.28,41770.1,43894.38,1828.93,14.1,0,lun
7-3-17,9,10,19,30346,33042,63388,35,4,2,41,62488,4705,2043,69236,8776,79,8855,6864141,146271,7010412,2398.55,40995.35,43393.9,1808.08,14.2,0,mar
8-3-17,-12,16,4,30334,33058,63392,47,5,2,54,62535,4710,2045,69290,9521,101,9622,6873662,146372,7020034,2712.67,40149.46,42862.13,1785.92,14.7,0,mié
9-3-17,1,21,22,30335,33079,63414,46,6,5,57,62581,4716,2050,69347,9760,107,9867,6883422,146479,7029901,2873.8,39658.26,42532.06,1772.17,16.8,0,jue
10-3-17,-133,-109,-242,30202,32970,63172,98,12,1,111,62679,4728,2051,69458,9826,206,10032,6893248,146685,7039933,3022.82,39678.1,42700.92,1779.21,18,0,vie
11-3-17,34,35,69,30236,33005,63241,240,13,4,257,62919,4741,2055,69715,7473,437,7910,6900721,147122,7047843,2836.02,39310.53,42146.55,1756.11,16.1,0,sáb
12-3-17,61,-47,14,30297,32958,63255,166,8,0,174,63085,4749,2055,69889,6152,376,6528,6906873,147498,7054371,2320.43,39780.76,42101.19,1754.22,13.1,0,dom
13-3-17,19,-7,12,30316,32951,63267,27,3,1,31,63112,4752,2056,69920,7128,95,7223,6914001,147593,7061594,1905.47,41499.43,43404.9,1808.54,11.4,0,lun
14-3-17,-3,3,0,30313,32954,63267,29,10,2,41,63141,4762,2058,69961,8414,83,8497,6922415,147676,7070091,2193.42,40483.9,42677.32,1778.22,14.8,0,mar
15-3-17,-6,15,9,30307,32969,63276,38,4,2,44,63179,4766,2060,70005,9387,124,9511,6931802,147800,7079602,2604.72,39386.27,41990.99,1749.62,15.2,0,mié
16-3-17,-3,15,12,30304,32984,63288,41,8,2,51,63220,4774,2062,70056,9654,128,9782,6941456,147928,7089384,2797.27,38544.47,41341.74,1722.57,13.7,0,jue
17-3-17,11,16,27,30315,33000,63315,48,15,9,72,63268,4789,2071,70128,8362,147,8509,6949818,148075,7097893,2523.17,38290.91,40814.08,1700.59,13.8,0,vie
18-3-17,14,46,60,30329,33046,63375,196,19,3,218,63464,4808,2074,70346,5929,444,6373,6955747,148519,7104266,2386.08,37908.13,40294.21,1678.93,14.4,0,sáb
19-3-17,11,46,57,30340,33092,63432,219,8,3,230,63683,4816,2077,70576,5390,491,5881,6961137,149010,7110147,2287.23,37905.13,40192.36,1674.68,15.6,0,dom
20-3-17,35,55,90,30375,33147,63522,192,5,3,200,63875,4821,2080,70776,5861,419,6280,6966998,149429,7116427,2435.03,38012.77,40447.8,1685.33,17.6,0,lun
21-3-17,-1,-13,-14,30374,33134,63508,39,7,2,48,63914,4828,2082,70824,8200,116,8316,6975198,149545,7124743,2248.67,37074.68,39323.35,1638.47,12.6,0,mar
22-3-17,-3,-9,-12,30371,33125,63496,10,1,0,11,63924,4829,2082,70835,6181,30,6211,6981379,149575,7130954,1677.05,37416.75,39093.8,1628.91,7.6,2.4,mié
23-3-17,-5,2,-3,30366,33127,63493,11,1,1,13,63935,4830,2083,70848,5235,29,5264,6986614,149604,7136218,1393.83,38687.08,40080.91,1670.04,2.6,5.1,jue
24-3-17,-6,-22,-28,30360,33105,63465,30,4,0,34,63965,4834,2083,70882,5633,57,5690,6992247,149661,7141908,1610.32,38412.75,40023.07,1667.63,5.4,4.5,vie
25-3-17,11,-5,6,30371,33100,63471,76,8,0,84,64041,4842,2083,70966,4698,148,4846,6996945,149809,7146754,1589.07,38264.98,39854.05,1660.59,4.4,2.9,sáb
26-3-17,13,2,15,30384,33102,63486,77,9,0,86,64118,4851,2083,71052,4646,166,4812,7001591,149975,7151566,1531.6,38446.53,39978.13,1738.18,10.4,2.1,dom
27-3-17,-4,-1,-5,30380,33101,63481,24,0,3,27,64142,4851,2086,71079,6577,104,6681,7008168,150079,7158247,1840.12,38794.16,40634.28,1693.1,10.2,0.1,lun
28-3-17,4,11,15,30384,33112,63496,41,4,1,46,64183,4855,2087,71125,8513,92,8605,7016681,150171,7166852,2413.42,37734.27,40147.69,1672.82,12.7,0,mar
29-3-17,23,31,54,30407,33143,63550,54,5,1,60,64237,4860,2088,71185,9173,112,9285,7025854,150283,7176137,2692.48,35962.36,38654.84,1610.62,13.4,0,mié
30-3-17,21,21,42,30428,33164,63592,41,7,1,49,64278,4867,2089,71234,9459,136,9595,7035313,150419,7185732,2753.02,34983.62,37736.64,1572.36,15,0,jue
31-3-17,11,18,29,30439,33182,63621,64,5,4,73,64342,4872,2093,71307,9382,141,9523,7044695,150560,7195255,2798.3,35125.5,37923.8,1580.16,15.4,0,vie
1-4-17,3,20,23,30442,33202,63644,198,15,3,216,64540,4887,2096,71523,6999,379,7378,7051694,150939,7202633,2621.78,35132.9,37754.68,1573.11,12.6,0,sáb
2-4-17,30,41,71,30472,33243,63715,189,3,3,195,64729,4890,2099,71718,6737,336,7073,7058431,151275,7209706,2704.77,31131.6,33836.37,1409.85,12.8,0,dom
3-4-17,8,-29,-21,30480,33214,63694,65,5,0,70,64794,4895,2099,71788,8290,160,8450,7066721,151435,7218156,2406.87,34300.2,36707.07,1529.46,12.5,0,lun
4-4-17,0,35,35,30480,33249,63729,50,3,2,55,64844,4898,2101,71843,9173,128,9301,7075894,151563,7227457,2700.82,33721.2,36422.02,1517.58,14.5,0,mar
5-4-17,-15,16,1,30465,33265,63730,47,5,2,54,64891,4903,2103,71897,8953,112,9065,7084847,151675,7236522,2609.47,33965.83,36575.3,1523.97,13.6,0,mié
6-4-17,-27,-6,-33,30438,33259,63697,37,8,5,50,64928,4911,2108,71947,9001,110,9111,7093848,151785,7245633,2662.72,33131.73,35794.45,1491.44,14.8,0,jue
7-4-17,-1,6,5,30437,33265,63702,74,10,0,84,65002,4921,2108,72031,8972,154,9126,7102820,151939,7254759,2746.97,33630.63,36377.6,1515.73,16.4,0,vie
8-4-17,11,33,44,30448,33298,63746,177,15,7,199,65179,4936,2115,72230,6919,364,7283,7109739,152303,7262042,2560.62,37304.98,39865.6,1661.07,16.6,0,sáb
9-4-17,21,38,59,30469,33336,63805,223,4,4,231,65402,4940,2119,72461,6272,452,6724,7116011,152755,7268766,2666.17,34976.03,37642.2,1568.43,17.3,0,dom
10-4-17,2,-6,-4,30471,33330,63801,100,20,8,128,65502,4960,2127,72589,7576,277,7853,7123587,153032,7276619,2455.57,37756.62,40212.19,1675.51,18,0,lun
11-4-17,3,38,41,30474,33368,63842,121,13,7,141,65623,4973,2134,72730,7694,289,7983,7131281,153321,7284602,2469.9,36748.86,39218.76,1634.12,20,0,mar
12-4-17,-12,47,35,30462,33415,63877,107,15,3,125,65730,4988,2137,72855,6985,298,7283,7138266,153619,7291885,2339.48,36406.43,38745.91,1614.41,20.1,0,mié
13-4-17,9,-1,8,30471,33414,63885,163,13,8,184,65893,5001,2145,73039,4233,368,4601,7142499,153987,7296486,1926.43,36583.16,38509.59,1604.57,19.7,0,jue
14-4-17,-2,12,10,30469,33426,63895,172,25,6,203,66065,5026,2151,73242,4056,427,4483,7146555,154414,7300969,1894.12,36667.2,38561.32,1606.72,19.2,0,vie
15-4-17,11,-1,10,30480,33425,63905,203,30,5,238,66268,5056,2156,73480,4300,602,4902,7150855,155016,7305871,1973.5,37214.28,39187.78,1632.82,20.2,0,sáb
16-4-17,11,-2,9,30491,33423,63914,218,11,3,232,66486,5067,2159,73712,4757,564,5321,7155612,155580,7311192,2095.92,35019.78,37115.7,1546.49,18.5,0,dom
17-4-17,0,30,30,30491,33453,63944,128,11,8,147,66614,5078,2167,73859,8567,382,8949,7164179,155962,7320141,2722.52,37683.38,40405.9,1683.58,20.2,0,lun
18-4-17,12,26,38,30503,33479,63982,68,6,7,81,66682,5084,2174,73940,9908,213,10121,7174087,156175,7330262,2910.95,37636.55,40547.5,1689.48,20.8,0,mar
19-4-17,6,12,18,30509,33491,64000,51,6,4,61,66733,5090,2178,74001,9269,161,9430,7183356,156336,7339692,2615.47,38023.73,40639.2,1693.3,17.8,2.5,mié
20-4-17,-32,-26,-58,30477,33465,63942,57,4,2,63,66790,5094,2180,74064,8928,155,9083,7192284,156491,7348775,2490.37,37403.03,39893.4,1662.23,14.4,0,jue
21-4-17,1,19,20,30478,33484,63962,80,12,9,101,66870,5106,2189,74165,9973,206,10179,7202257,156697,7358954,2970.4,36797.2,39767.6,1656.98,13.9,0,vie
22-4-17,17,6,23,30495,33490,63985,150,26,6,182,67020,5132,2195,74347,7539,415,7954,7209796,157112,7366908,2572.67,36805.2,39377.87,1640.74,13.9,0,sáb
23-4-17,25,27,52,30520,33517,64037,194,6,4,204,67214,5138,2199,74551,8660,583,9243,7218456,157695,7376151,3217.7,33499.55,36717.25,1529.89,18.4,0,dom
24-4-17,11,9,20,30531,33526,64057,110,7,1,118,67324,5145,2200,74669,9476,274,9750,7227932,157969,7385901,2859.23,36585.8,39445.03,1643.54,19.8,1.3,lun
25-4-17,-5,-17,-22,30526,33509,64035,39,4,4,47,67363,5149,2204,74716,9410,123,9533,7237342,158092,7395434,2335.8,36549.03,38884.83,1620.2,18,0,mar
26-4-17,-11,-8,-19,30515,33501,64016,33,4,2,39,67396,5153,2206,74755,9664,91,9755,7247006,158183,7405189,2594.42,36557.71,39152.13,1631.34,13.4,0.2,mié
27-4-17,-18,-3,-21,30497,33498,63995,23,5,2,30,67419,5158,2208,74785,8761,61,8822,7255767,158244,7414011,2396.98,37856.28,40253.26,1677.22,10,0,jue
28-4-17,-11,18,7,30486,33516,64002,52,4,2,58,67471,5162,2210,74843,8217,124,8341,7263984,158368,7422352,2295.93,38319.2,40615.13,1692.3,10.6,3.3,vie
29-4-17,-5,-14,-19,30481,33502,63983,36,10,1,47,67507,5172,2211,74890,3229,115,3344,7267213,158483,7425696,1061.7,39726.28,40787.98,1699.5,10.1,4.5,sáb
30-4-17,-9,-5,-14,30472,33497,63969,63,1,1,65,67570,5173,2212,74955,3278,144,3422,7270491,158627,7429118,1099.7,39725.41,40825.11,1701.05,11,0.6,dom
1-5-17,6,40,46,30478,33537,64015,194,17,1,212,67764,5190,2213,75167,4831,393,5224,7275322,159020,7434342,2085.45,39270.08,41355.53,1723.15,11.9,0,lun
2-5-17,-9,-4,-13,30469,33533,64002,126,10,5,141,67890,5200,2218,75308,6477,293,6770,7281799,159313,7441112,2324.1,39308.08,41632.18,1734.67,16.4,0,mar
3-5-17,7,-7,0,30476,33526,64002,36,9,2,47,67926,5209,2220,75355,9878,132,10010,7291677,159445,7451122,2725.88,39159.56,41885.44,1745.23,19.4,0,mié
4-5-17,21,13,34,30497,33539,64036,31,1,3,35,67957,5210,2223,75390,10442,91,10533,7302119,159536,7461655,2910.53,39256.47,42167,1756.96,20.1,0,jue
5-5-17,-5,3,-2,30492,33542,64034,36,8,7,51,67993,5218,2230,75441,9076,103,9179,7311195,159639,7470834,2455,39087.9,41542.9,1730.95,17.2,0.3,vie
6-5-17,22,13,35,30514,33555,64069,170,23,3,196,68163,5241,2233,75637,7831,389,8220,7319026,160028,7479054,2738.13,39223.1,41961.23,1748.38,15.6,0,sáb
7-5-17,33,7,40,30547,33562,64109,180,12,3,195,68343,5253,2236,75832,8158,423,8581,7327184,160451,7487635,3025.47,38765.73,41791.2,1741.3,19.2,0,dom
8-5-17,1,23,24,30548,33585,64133,54,3,3,60,68397,5256,2239,75892,10266,185,10451,7337450,160636,7498086,2906.17,39718.47,42624.64,1776.03,21.8,0,lun
9-5-17,-15,-5,-20,30533,33580,64113,54,5,5,64,68451,5261,2244,75956,10925,206,11131,7348375,160842,7509217,3110.6,38763.35,41873.95,1744.75,22.4,0,mar
10-5-17,11,9,20,30544,33589,64133,29,4,1,34,68480,5265,2245,75990,10571,124,10695,7358946,160966,7519912,2839.35,38587.93,41427.28,1726.14,17.9,15,mié
11-5-17,-10,0,-10,30534,33589,64123,13,4,1,18,68493,5269,2246,76008,7074,54,7128,7366020,161020,7527040,1894.3,40857.48,42751.78,1781.32,13.2,3.4,jue
12-5-17,0,-8,-8,30534,33581,64115,25,4,4,33,68518,5273,2250,76041,7119,61,7180,7373139,161081,7534220,1917.83,41764.3,43682.13,1820.09,14.1,2.1,vie
13-5-17,15,16,31,30549,33597,64146,138,21,6,165,68656,5294,2256,76206,7036,323,7359,7380175,161404,7541579,2506.32,43206.48,45712.8,1904.7,16.1,0,sáb
14-5-17,14,33,47,30563,33630,64193,216,4,5,225,68872,5298,2261,76431,7447,509,7956,7387622,161913,7549535,2817,43502.66,46319.66,1929.99,17,0,dom
15-5-17,19,40,59,30582,33670,64252,181,11,7,199,69053,5309,2268,76630,7761,448,8209,7395383,162361,7557744,2919.13,43622.73,46541.86,1939.24,20,0,lun
16-5-17,39,-18,21,30621,33652,64273,59,5,5,69,69112,5314,2273,76699,10710,181,10891,7406093,162542,7568635,2999.15,43353.7,46352.85,1931.37,23.2,0,mar
17-5-17,25,-75,-50,30646,33577,64223,53,9,0,62,69165,5323,2273,76761,11183,141,11324,7417276,162683,7579959,3146.98,43145.08,46292.06,1928.84,23,6.3,mié
18-5-17,7,6,13,30653,33583,64236,42,12,2,56,69207,5335,2275,76817,10534,159,10693,7427810,162842,7590652,2950.93,43440.05,46390.98,1932.96,16.4,0,jue
19-5-17,9,23,32,30662,33606,64268,58,16,2,76,69265,5351,2277,76893,11251,210,11461,7439061,163052,7602113,3308.9,43283.53,46592.43,1941.35,16.5,0,vie
20-5-17,9,10,19,30671,33616,64287,154,16,1,171,69419,5367,2278,77064,9100,434,9534,7448161,163486,7611647,3089.73,42630.63,45720.36,1905.02,19,0,sáb
21-5-17,13,24,37,30684,33640,64324,142,10,4,156,69561,5377,2282,77220,7967,402,8369,7456128,163888,7620016,2776.25,42092.92,44869.17,1869.55,21.4,0,dom
22-5-17,5,19,24,30689,33659,64348,74,7,4,85,69635,5384,2286,77305,11221,210,11431,7467349,164098,7631447,3196.03,40340.45,43536.48,1814.02,22,0,lun
23-5-17,43,39,82,30732,33698,64430,55,13,3,71,69690,5397,2289,77376,11643,228,11871,7478992,164326,7643318,3266.87,40719.08,43985.95,1832.75,25.2,0,mar
24-5-17,58,14,72,30790,33712,64502,56,11,3,70,69746,5408,2292,77446,12265,210,12475,7491257,164536,7655793,3545.05,40827.76,44372.81,1848.87,24.8,0,mié
25-5-17,-34,-34,-68,30756,33678,64434,86,16,5,107,69832,5424,2297,77553,12466,281,12747,7503723,164817,7668540,3610.4,40667.42,44277.82,1844.91,26.3,0,jue
26-5-17,-6,14,8,30750,33692,64442,80,38,3,121,69912,5462,2300,77674,12293,300,12593,7516016,165117,7681133,3643.3,41191.85,44835.15,1868.13,26.2,0,vie
27-5-17,45,48,93,30795,33740,64535,162,38,1,201,70074,5500,2301,77875,10032,586,10618,7526048,165703,7691751,3490.38,40776.98,44267.36,1844.47,26.2,0,sáb
28-5-17,26,52,78,30821,33792,64613,211,8,5,224,70285,5508,2306,78099,8820,678,9498,7534868,166381,7701249,3145.95,39948.5,43094.45,1795.6,23.4,0,dom
29-5-17,35,46,81,30856,33838,64694,48,7,5,60,70333,5515,2311,78159,11405,235,11640,7546273,166616,7712889,3241.02,40378.43,43619.45,1817.48,22.3,0,lun
30-5-17,-22,-13,-35,30834,33825,64659,53,5,5,63,70386,5520,2316,78222,12445,178,12623,7558718,166794,7725512,3511.53,40717.98,44229.51,1842.9,21.7,0,mar
31-5-17,21,58,79,30855,33883,64738,63,8,3,74,70449,5528,2319,78296,12795,185,12980,7571513,166979,7738492,3640.95,39872.88,43513.83,1813.08,23.6,0,mié
1-6-17,-47,-83,-130,30808,33800,64608,50,8,0,58,70499,5536,2319,78354,13450,132,13582,7584963,167111,7752074,3670.68,39643.73,43314.41,1804.77,25.2,0,jue
2-6-17,5,19,24,30813,33819,64632,75,12,3,90,70574,5548,2322,78444,12453,198,12651,7597416,167309,7764725,3528.3,39196.58,42724.88,1780.2,25.2,0.6,vie
3-6-17,22,45,67,30835,33864,64699,171,9,5,185,70745,5557,2327,78629,9006,377,9383,7606422,167686,7774108,2812.62,39023.78,41836.4,1743.18,23.2,0,sáb
4-6-17,50,52,102,30885,33916,64801,137,12,4,153,70882,5569,2331,78782,9061,270,9331,7615483,167956,7783439,3036.38,37507.5,40543.88,1689.33,21.4,0,dom
5-6-17,20,40,60,30905,33956,64861,66,7,7,80,70948,5576,2338,78862,11299,182,11481,7626782,168138,7794920,3136.83,37526.38,40663.21,1694.3,19.5,0,lun
6-6-17,-6,-7,-13,30899,33949,64848,59,9,4,72,71007,5585,2342,78934,12320,176,12496,7639102,168314,7807416,3485.4,37629.02,41114.42,1713.1,22,0,mar
7-6-17,-21,-1,-22,30878,33948,64826,54,10,7,71,71061,5595,2349,79005,12873,190,13063,7651975,168504,7820479,3633.98,37433.91,41067.89,1711.16,24.4,0,mié
8-6-17,6,4,10,30884,33952,64836,54,8,5,67,71115,5603,2354,79072,13128,211,13339,7665103,168715,7833818,3646.08,39675.6,43321.68,1805.07,26.9,0,jue
9-6-17,6,3,9,30890,33955,64845,72,10,9,91,71187,5613,2363,79163,12915,232,13147,7678018,168947,7846965,3816.57,40231.68,44048.25,1835.34,26.8,0,vie
10-6-17,41,52,93,30931,34007,64938,154,28,3,185,71341,5641,2366,79348,9813,402,10215,7687831,169349,7857180,3182.58,40584.55,43767.13,1823.63,28,0,sáb
11-6-17,20,39,59,30951,34046,64997,130,0,6,136,71471,5641,2372,79484,9001,407,9408,7696832,169756,7866588,3073.8,40730.82,43804.62,1825.19,30,0,dom
12-6-17,40,-43,-3,30991,34003,64994,56,5,2,63,71527,5646,2374,79547,11676,226,11902,7708508,169982,7878490,3321.2,39934.6,43255.8,1802.33,30.3,0,lun
13-6-17,-19,16,-3,30972,34019,64991,43,5,1,49,71570,5651,2375,79596,12425,160,12585,7720933,170142,7891075,3501.05,39741.3,43242.35,1801.76,29.5,0,mar
14-6-17,-86,-66,-152,30886,33953,64839,41,8,5,54,71611,5659,2380,79650,13021,115,13136,7733954,170257,7904211,3543.75,40601.05,44144.8,1839.37,30.4,0,mié
15-6-17,-11,10,-1,30875,33963,64838,36,4,6,46,71647,5663,2386,79696,12870,126,12996,7746824,170383,7917207,3544.53,41343.22,44887.75,1870.32,31.5,0.1,jue
16-6-17,5,-22,-17,30880,33941,64821,75,4,4,83,71722,5667,2390,79779,12229,159,12388,7759053,170542,7929595,3464.58,41357.26,44821.84,1867.58,30.3,0,vie
17-6-17,25,31,56,30905,33972,64877,104,11,4,119,71826,5678,2394,79898,8785,285,9070,7767838,170827,7938665,2737.37,41555.25,44292.62,1845.53,32.8,0,sáb
18-6-17,28,31,59,30933,34003,64936,81,2,2,85,71907,5680,2396,79983,7718,205,7923,7775556,171032,7946588,2529.27,41606.45,44135.72,1838.99,31.8,0,dom
19-6-17,26,34,60,30959,34037,64996,43,6,3,52,71950,5686,2399,80035,12197,140,12337,7787753,171172,7958925,3430.95,40745.48,44176.43,1840.68,27.2,0.5,lun
20-6-17,-14,-16,-30,30945,34021,64966,53,1,2,56,72003,5687,2401,80091,12409,129,12538,7800162,171301,7971463,3370.52,41279.1,44649.62,1860.4,27,#N/A,mar
21-6-17,-48,45,-3,30897,34066,64963,58,8,8,74,72061,5695,2409,80165,13700,180,13880,7813862,171481,7985343,3839.4,40890.25,44729.65,1863.74,29,0,mié
22-6-17,-41,-149,-190,30856,33917,64773,65,10,3,78,72126,5705,2412,80243,13718,192,13910,7827580,171673,7999253,3802.15,40690.78,44492.93,1853.87,30.8,0,jue
23-6-17,2,-2,0,30858,33915,64773,59,10,1,70,72185,5715,2413,80313,12616,178,12794,7840196,171851,8012047,3622.02,40736.92,44358.94,1848.29,29,0,vie
24-6-17,22,37,59,30880,33952,64832,142,12,4,158,72327,5727,2417,80471,8943,351,9294,7849139,172202,8021341,2821.25,41341.88,44163.13,1840.13,28.9,0,sáb
25-6-17,14,40,54,30894,33992,64886,121,1,2,124,72448,5728,2419,80595,7153,317,7470,7856292,172519,8028811,2386.82,41142.28,43529.1,1813.71,27,3.4,dom
26-6-17,6,25,31,30900,34017,64917,58,8,3,69,72506,5736,2422,80664,11538,162,11700,7867830,172681,8040511,3236.55,39955.9,43192.45,1799.69,24,0.1,lun
27-6-17,-11,23,12,30889,34040,64929,73,12,4,89,72579,5748,2426,80753,12991,183,13174,7880821,172864,8053685,3580.57,39342.82,42923.39,1788.47,23.8,0,mar
28-6-17,17,49,66,30906,34089,64995,58,9,4,71,72637,5757,2430,80824,13018,186,13204,7893839,173050,8066889,3640.05,38678.87,42318.92,1763.29,20.8,0,mié
29-6-17,-78,-25,-103,30828,34064,64892,42,10,5,57,72679,5767,2435,80881,12721,145,12866,7906560,173195,8079755,3541.17,38706.25,42247.42,1760.31,18.2,0,jue
30-6-17,-32,-59,-91,30796,34005,64801,82,9,4,95,72761,5776,2439,80976,11515,185,11700,7918075,173380,8091455,3412.12,39165.83,42577.95,1774.08,16.8,0,vie
1-7-17,33,40,73,30829,34045,64874,112,18,3,133,72873,5794,2442,81109,8144,266,8410,7926219,173646,8099865,2770.48,38995.2,41765.68,1740.24,18.8,0,sáb
2-7-17,29,32,61,30858,34077,64935,126,6,6,138,72999,5800,2448,81247,7340,305,7645,7933559,173951,8107510,2648.33,37454.08,40102.41,1670.93,22.5,0,dom
3-7-17,-9,26,17,30849,34103,64952,97,5,6,108,73096,5805,2454,81355,11905,256,12161,7945464,174207,8119671,3500.98,38283.13,41784.11,1741,26,0,lun
4-7-17,-5,48,43,30844,34151,64995,71,6,5,82,73167,5811,2459,81437,12701,214,12915,7958165,174421,8132586,3560.7,39793.49,43354.19,1806.42,28.2,0,mar
5-7-17,-39,-37,-76,30805,34114,64919,72,7,10,89,73239,5818,2469,81526,13090,265,13355,7971255,174686,8145941,3708.07,39978.78,43686.85,1820.29,28.4,3.5,mié
6-7-17,22,15,37,30827,34129,64956,22,1,0,23,73261,5819,2469,81549,6135,69,6204,7977390,174755,8152145,1716.47,41430.34,43146.81,1797.78,19.3,25.2,jue
7-7-17,-52,-99,-151,30775,34030,64805,29,11,2,42,73290,5830,2471,81591,7721,101,7822,7985111,174856,8159967,2143.08,43550.61,45693.69,1903.9,20.6,19.3,vie
8-7-17,29,42,71,30804,34072,64876,131,16,0,147,73421,5846,2471,81738,7588,315,7903,7992699,175171,8167870,2455.47,43916.52,46371.99,1932.17,20.4,1.3,sáb
9-7-17,30,46,76,30834,34118,64952,161,9,10,180,73582,5855,2481,81918,7862,468,8330,8000561,175639,8176200,2817.9,42769.16,45587.06,1899.46,24,0,dom
10-7-17,-29,10,-19,30805,34128,64933,96,8,5,109,73678,5863,2486,82027,11684,289,11973,8012245,175928,8188173,3361.28,42216.21,45577.49,1899.06,25.4,0,lun
11-7-17,-63,15,-48,30742,34143,64885,45,5,7,57,73723,5868,2493,82084,12355,169,12524,8024600,176097,8200697,3431.97,42781.37,46213.34,1925.56,26.2,0,mar
12-7-17,-93,-65,-158,30649,34078,64727,52,9,6,67,73775,5877,2499,82151,12603,162,12765,8037203,176259,8213462,3420.38,42383.3,45803.68,1908.49,28.5,0,mié
13-7-17,-15,-16,-31,30634,34062,64696,55,6,3,64,73830,5883,2502,82215,12358,188,12546,8049561,176447,8226008,3447.23,42953.3,46400.53,1933.36,31.2,0,jue
14-7-17,0,33,33,30634,34095,64729,61,8,5,74,73891,5891,2507,82289,11208,186,11394,8060769,176633,8237402,3128.25,43486.58,46614.83,1942.28,32.2,0,vie
15-7-17,-2,22,20,30632,34117,64749,90,10,1,101,73981,5901,2508,82390,7354,226,7580,8068123,176859,8244982,2241.45,44215.96,46457.41,1935.73,30.2,0,sáb
16-7-17,-4,-15,-19,30628,34102,64730,125,5,4,134,74106,5906,2512,82524,7256,307,7563,8075379,177166,8252545,2300.22,43732.68,46032.9,1918.04,30.6,0,dom
17-7-17,-23,-3,-26,30605,34099,64704,55,3,5,63,74161,5909,2517,82587,11127,193,11320,8086506,177359,8263865,3038.6,42573.6,45612.2,1900.51,29.6,0,lun
18-7-17,-4,-14,-18,30601,34085,64686,64,7,3,74,74225,5916,2520,82661,11844,167,12011,8098350,177526,8275876,3323.03,41982.85,45305.88,1887.75,30,0,mar
19-7-17,-142,27,-115,30459,34112,64571,69,4,7,80,74294,5920,2527,82741,12203,179,12382,8110553,177705,8288258,3353.38,40872.11,44225.49,1842.73,27.4,0,mié
20-7-17,-121,-212,-333,30338,33900,64238,72,6,4,82,74366,5926,2531,82823,12439,177,12616,8122992,177882,8300874,3416.87,40781.85,44198.72,1841.61,#N/A,0,jue
21-7-17,-69,-33,-102,30269,33867,64136,64,10,4,78,74430,5936,2535,82901,11433,193,11626,8134425,178075,8312500,3244.03,41795.92,45039.95,1876.66,25.3,0,vie
22-7-17,13,54,67,30282,33921,64203,155,6,3,164,74585,5942,2538,83065,7682,378,8060,8142107,178453,8320560,2499.57,42654.48,45154.05,1881.42,26.2,0,sáb
23-7-17,27,42,69,30309,33963,64272,103,6,8,117,74688,5948,2546,83182,6796,285,7081,8148903,178738,8327641,2249.57,42494.47,44744.04,1864.34,27.4,0,dom
24-7-17,-15,2,-13,30294,33965,64259,40,5,2,47,74728,5953,2548,83229,10956,136,11092,8159859,178874,8338733,2950.38,42801.9,45752.28,1906.35,27,0,lun
25-7-17,-26,-13,-39,30268,33952,64220,68,9,8,85,74796,5962,2556,83314,11613,204,11817,8171472,179078,8350550,3174.9,42151.08,45325.98,1888.58,24.2,0,mar
26-7-17,-11,48,37,30257,34000,64257,52,4,3,59,74848,5966,2559,83373,12065,137,12202,8183537,179215,8362752,3253.13,41564.63,44817.76,1867.41,25.2,0,mié
27-7-17,-5,47,42,30252,34047,64299,67,13,10,90,74915,5979,2569,83463,12414,204,12618,8195951,179419,8375370,3376.37,42556.77,45933.14,1913.88,30,0,jue
28-7-17,-92,-178,-270,30160,33869,64029,82,9,1,92,74997,5988,2570,83555,11344,219,11563,8207295,179638,8386933,3267.77,42982.75,46250.52,1927.11,30,0,vie
29-7-17,21,24,45,30181,33893,64074,107,13,4,124,75104,6001,2574,83679,7169,281,7450,8214464,179919,8394383,2281.67,44695.16,46976.83,1957.37,30.1,0,sáb
30-7-17,20,34,54,30201,33927,64128,112,3,10,125,75216,6004,2584,83804,6490,293,6783,8220954,180212,8401166,2212.03,44614.78,46826.81,1951.12,29.8,0,dom
31-7-17,-17,-6,-23,30184,33921,64105,62,10,6,78,75278,6014,2590,83882,9759,258,10017,8230713,180470,8411183,2739.65,43281.46,46021.11,1917.55,28,0,lun
1-8-17,-19,-2,-21,30165,33919,64084,41,11,6,58,75319,6025,2596,83940,9935,177,10112,8240648,180647,8421295,2841.32,42917.07,45758.39,1906.6,26.5,0,mar
2-8-17,-65,-48,-113,30100,33871,63971,58,9,2,69,75377,6034,2598,84009,10519,190,10709,8251167,180837,8432004,2920.25,43075.95,45996.2,1916.51,#N/A,0,mié
3-8-17,-12,-18,-30,30088,33853,63941,63,6,5,74,75440,6040,2603,84083,10228,199,10427,8261395,181036,8442431,2838.65,42866.05,45704.7,1904.36,29.6,0,jue
4-8-17,-36,-4,-40,30052,33849,63901,65,10,8,83,75505,6050,2611,84166,9207,210,9417,8270602,181246,8451848,2621.18,43453.1,46074.28,1919.76,30.6,0,vie
5-8-17,3,25,28,30055,33874,63929,85,8,4,97,75590,6058,2615,84263,6235,223,6458,8276837,181469,8458306,2036.4,44751.9,46788.3,1949.51,32.2,0,sáb
6-8-17,18,27,45,30073,33901,63974,113,10,4,127,75703,6068,2619,84390,5801,297,6098,8282638,181766,8464404,2008.6,45348.05,47356.65,1973.19,29.4,0,dom
7-8-17,-22,16,-6,30051,33917,63968,66,12,3,81,75769,6080,2622,84471,8553,193,8746,8291191,181959,8473150,2455.17,44960.24,47415.41,1975.64,29,0,lun
8-8-17,-23,-11,-34,30028,33906,63934,84,10,2,96,75853,6090,2624,84567,8844,262,9106,8300035,182221,8482256,2584.17,44416.45,47000.62,1958.36,24,0,mar
9-8-17,26,37,63,30054,33943,63997,63,9,8,80,75916,6099,2632,84647,8764,216,8980,8308799,182437,8491236,2580.27,44142.3,46722.57,1946.77,22.8,0,mié
10-8-17,-122,-122,-244,29932,33821,63753,60,19,5,84,75976,6118,2637,84731,8440,197,8637,8317239,182634,8499873,2445.13,44388,46833.13,1951.38,19.8,0,jue
11-8-17,-26,-32,-58,29906,33789,63695,72,14,8,94,76048,6132,2645,84825,7573,272,7845,8324812,182906,8507718,2318.08,44332.17,46650.25,1943.76,21,0,vie
12-8-17,16,23,39,29922,33812,63734,86,15,14,115,76134,6147,2659,84940,5341,333,5674,8330153,183239,8513392,1848.85,45145.05,46993.9,1958.08,25,0,sáb
13-8-17,11,33,44,29933,33845,63778,141,7,3,151,76275,6154,2662,85091,4973,462,5435,8335126,183701,8518827,1934.48,45242.9,47177.38,1965.72,26.8,0,dom
14-8-17,-28,-9,-37,29905,33836,63741,89,8,3,100,76364,6162,2665,85191,6536,316,6852,8341662,184017,8525679,2063.95,45420.68,47484.63,1978.53,28.2,0,lun
15-8-17,22,35,57,29927,33871,63798,118,7,2,127,76482,6169,2667,85318,5781,316,6097,8347443,184333,8531776,1984.75,45580.13,47564.88,1981.87,28.5,0,mar
16-8-17,-5,-27,-32,29922,33844,63766,77,12,2,91,76559,6181,2669,85409,8001,292,8293,8355444,184625,8540069,2319.17,44949.08,47268.25,1969.51,27.6,0,mié
17-8-17,-41,-42,-83,29881,33802,63683,108,8,4,120,76667,6189,2673,85529,8472,277,8749,8363916,184902,8548818,2376.8,44249.63,46626.43,1942.77,29.2,0,jue
18-8-17,-25,-54,-79,29856,33748,63604,67,7,4,78,76734,6196,2677,85607,7692,222,7914,8371608,185124,8556732,2281.12,44126.92,46408.04,1933.67,30.1,0,vie
19-8-17,5,6,11,29861,33754,63615,102,14,6,122,76836,6210,2683,85729,5766,328,6094,8377374,185452,8562826,1882.53,44477.48,46360.01,1931.67,28.4,0,sáb
20-8-17,23,33,56,29884,33787,63671,114,9,3,126,76950,6219,2686,85855,5657,337,5994,8383031,185789,8568820,1920.87,45227.53,47148.4,1964.52,28.8,0,dom
21-8-17,-13,-14,-27,29871,33773,63644,73,1,5,79,77023,6220,2691,85934,8469,241,8710,8391500,186030,8577530,947.27,28704.71,29651.98,1235.5,30,0,lun
22-8-17,-7,15,8,29864,33788,63652,57,4,9,70,77080,6224,2700,86004,9130,187,9317,8400630,186217,8586847,2503.12,45234.3,47737.42,1989.06,30.4,0,mar
23-8-17,-11,-18,-29,29853,33770,63623,78,7,4,89,77158,6231,2704,86093,9430,212,9642,8410060,186429,8596489,2633.83,44774.35,47408.18,1975.34,29.8,0,mié
24-8-17,-67,-95,-162,29786,33675,63461,61,5,3,69,77219,6236,2707,86162,9699,219,9918,8419759,186648,8606407,2734.3,44818.4,47552.7,1981.36,28.9,0,jue
25-8-17,-22,-35,-57,29764,33640,63404,76,23,4,103,77295,6259,2711,86265,9107,237,9344,8428866,186885,8615751,2595.08,44935.23,47530.31,1980.43,27.2,0,vie
26-8-17,20,38,58,29784,33678,63462,133,16,2,151,77428,6275,2713,86416,6860,373,7233,8435726,187258,8622984,2356.72,45340.11,47696.83,1987.37,26,0.8,sáb
27-8-17,6,40,46,29790,33718,63508,113,13,5,131,77541,6288,2718,86547,6348,349,6697,8442074,187607,8629681,2076.68,39782.93,41859.61,1744.15,24.4,0.3,dom
28-8-17,-39,-10,-49,29751,33708,63459,18,1,1,20,77559,6289,2719,86567,5877,88,5965,8447951,187695,8635646,1514.83,45767.88,47282.71,1970.11,19.6,24.9,lun
29-8-17,-5,-5,-10,29746,33703,63449,93,8,4,105,77652,6297,2723,86672,10215,235,10450,8458166,187930,8646096,2825.33,44796.45,47621.78,1984.24,20.9,0,mar
30-8-17,-61,-25,-86,29685,33678,63363,52,9,5,66,77704,6306,2728,86738,11224,161,11385,8469390,188091,8657481,3050.13,44188.33,47238.46,1968.27,22.1,0,mié
31-8-17,15,25,40,29700,33703,63403,64,2,5,71,77768,6308,2733,86809,12064,154,12218,8481454,188245,8669699,3322.97,43823.63,47146.6,1964.44,23.2,0,jue
1-9-17,-17,2,-15,29683,33705,63388,48,10,1,59,77816,6318,2734,86868,12042,179,12221,8493496,188424,8681920,3370.53,43070.13,46440.66,1935.03,22.5,0,vie
2-9-17,27,28,55,29710,33733,63443,184,14,6,204,78000,6332,2740,87072,8727,446,9173,8502223,188870,8691093,2842.77,42984.1,45826.87,1909.45,20,0,sáb
3-9-17,25,48,73,29735,33781,63516,172,5,9,186,78172,6337,2749,87258,8863,449,9312,8511086,189319,8700405,3053.88,36999.28,40053.16,1668.88,24.1,0,dom
4-9-17,-7,14,7,29728,33795,63523,91,20,9,120,78263,6357,2758,87378,12386,261,12647,8523472,189580,8713052,3551.35,41261.47,44812.82,1867.2,23.6,0,lun
5-9-17,19,29,48,29747,33824,63571,62,12,2,76,78325,6369,2760,87454,13437,212,13649,8536909,189792,8726701,3883.28,41797.27,45680.55,1903.36,25.1,0,mar
6-9-17,-76,-32,-108,29671,33792,63463,64,13,3,80,78389,6382,2763,87534,14052,232,14284,8550961,190024,8740985,3776.25,41255.11,45031.36,1876.31,26.8,0,mié
7-9-17,10,15,25,29681,33807,63488,81,9,3,93,78470,6391,2766,87627,14092,257,14349,8565053,190281,8755334,3988.72,40293.78,44282.5,1845.1,24.2,0,jue
8-9-17,-7,24,17,29674,33831,63505,86,17,9,112,78556,6408,2775,87739,13481,325,13806,8578534,190606,8769140,3984.78,39968.45,43953.23,1831.38,23.8,0,vie
9-9-17,31,38,69,29705,33869,63574,142,7,1,150,78698,6415,2776,87889,9634,341,9975,8588168,190947,8779115,3200.15,39885.06,43085.21,1795.22,19.8,0,sáb
10-9-17,36,67,103,29741,33936,63677,175,12,5,192,78873,6427,2781,88081,8958,427,9385,8597126,191374,8788500,3150.93,39639.95,42790.88,1782.95,17.8,0,dom
11-9-17,0,-13,-13,29741,33923,63664,71,3,8,82,78944,6430,2789,88163,12666,213,12879,8609792,191587,8801379,3568.05,39795.82,43363.87,1806.83,23.3,0,lun
12-9-17,-10,-14,-24,29731,33909,63640,37,10,11,58,78981,6440,2800,88221,13674,166,13840,8623466,191753,8815219,3748.87,39776.3,43525.17,1813.55,21.6,0,mar
13-9-17,-117,-128,-245,29614,33781,63395,64,5,5,74,79045,6445,2805,88295,14269,224,14493,8637735,191977,8829712,4115.82,39657.36,43773.18,1823.88,23.7,0,mié
14-9-17,-44,-12,-56,29570,33769,63339,69,10,4,83,79114,6455,2809,88378,14288,196,14484,8652023,192173,8844196,3995.4,41263.75,45259.15,1885.8,23.6,0,jue
15-9-17,-14,-17,-31,29556,33752,63308,88,10,0,98,79202,6465,2809,88476,13109,200,13309,8665132,192373,8857505,3748.78,42261.48,46010.26,1917.09,18.4,0,vie
16-9-17,47,38,85,29603,33790,63393,186,11,4,201,79388,6476,2813,88677,9434,386,9820,8674566,192759,8867325,3092.58,43628.25,46720.83,1946.7,16,0,sáb
17-9-17,61,58,119,29664,33848,63512,197,4,3,204,79585,6480,2816,88881,9218,419,9637,8683784,193178,8876962,3214.15,43271.55,46485.7,1936.9,17.5,0,dom
18-9-17,-9,3,-6,29655,33851,63506,52,7,5,64,79637,6487,2821,88945,12353,156,12509,8696137,193334,8889471,3322.68,42840.45,46163.13,1923.46,18,0,lun
19-9-17,-33,-9,-42,29622,33842,63464,55,10,6,71,79692,6497,2827,89016,13438,153,13591,8709575,193487,8903062,3764.92,42524.78,46289.7,1928.74,19.2,0,mar
20-9-17,-4,51,47,29618,33893,63511,56,9,5,70,79748,6506,2832,89086,14130,198,14328,8723705,193685,8917390,3882.05,42158.43,46040.48,1918.35,20.2,0,mié
21-9-17,-152,-167,-319,29466,33726,63192,68,9,1,78,79816,6515,2833,89164,14023,170,14193,8737728,193855,8931583,3851.2,41461.27,45312.47,1888.02,22.2,0,jue
22-9-17,-12,-3,-15,29454,33723,63177,126,14,6,146,79942,6529,2839,89310,13325,305,13630,8751053,194160,8945213,3837.45,41655.81,45493.26,1895.55,22.2,0,vie
23-9-17,52,45,97,29506,33768,63274,188,21,4,213,80130,6550,2843,89523,10329,495,10824,8761382,194655,8956037,3502.63,41142.26,44644.89,1860.2,21.2,0,sáb
24-9-17,41,42,83,29547,33810,63357,212,3,8,223,80342,6553,2851,89746,9904,499,10403,8771286,195154,8966440,3314.55,41798.97,45113.52,1879.73,22.8,0,dom
25-9-17,4,18,22,29551,33828,63379,43,7,7,57,80385,6560,2858,89803,12789,181,12970,8784075,195335,8979410,3516.23,41721.56,45237.79,1884.91,21.6,0,lun
26-9-17,-27,12,-15,29524,33840,63364,60,17,5,82,80445,6577,2863,89885,13612,209,13821,8797687,195544,8993231,3791.05,41451.5,45242.55,1885.11,19.8,0,mar
27-9-17,-85,-63,-148,29439,33777,63216,49,7,2,58,80494,6584,2865,89943,13872,186,14058,8811559,195730,9007289,3798.65,41733.38,45532.03,1897.17,20,0,mié
28-9-17,-32,9,-23,29407,33786,63193,65,7,6,78,80559,6591,2871,90021,14228,212,14440,8825787,195942,9021729,3973.77,41844.73,45818.5,1909.1,21.2,0,jue
29-9-17,4,7,11,29411,33793,63204,84,13,2,99,80643,6604,2873,90120,14455,258,14713,8840242,196200,9036442,4113.92,41191.66,45305.58,1887.73,22.3,0,vie
30-9-17,56,64,120,29467,33857,63324,198,25,7,230,80841,6629,2880,90350,11151,474,11625,8851393,196674,9048067,3657.2,40273.35,43930.55,1830.44,22.2,0,sáb
1-10-17,49,76,125,29516,33933,63449,232,16,8,256,81073,6645,2888,90606,10292,590,10882,8861685,197264,9058949,3644.75,37705.28,41350.03,1722.92,21.7,0,dom
2-10-17,16,64,80,29532,33997,63529,68,4,8,80,81141,6649,2896,90686,13104,204,13308,8874789,197468,9072257,3585.78,36914.65,40500.43,1687.52,21.8,0,lun
3-10-17,35,50,85,29567,34047,63614,83,8,4,95,81224,6657,2900,90781,14254,241,14495,8889043,197709,9086752,3909.83,36983.78,40893.61,1703.9,23.4,0,mar
4-10-17,5,80,85,29572,34127,63699,47,7,7,61,81271,6664,2907,90842,14474,156,14630,8903517,197865,9101382,3939.13,37604.4,41543.53,1730.98,23,0,mié
5-10-17,-69,-98,-167,29503,34029,63532,75,16,10,101,81346,6680,2917,90943,15044,263,15307,8918561,198128,9116689,4230.28,38202.05,42432.33,1768.01,23.2,0,jue
6-10-17,-35,40,5,29468,34069,63537,69,6,1,76,81415,6686,2918,91019,14563,239,14802,8933124,198367,9131491,4134.07,38092.35,42226.42,1759.43,23,0,vie
7-10-17,39,69,108,29507,34138,63645,184,19,5,208,81599,6705,2923,91227,11344,416,11760,8944468,198783,9143251,3695.55,38194.85,41890.4,1745.43,19.4,0,sáb
8-10-17,47,77,124,29554,34215,63769,206,13,4,223,81805,6718,2927,91450,10601,497,11098,8955069,199280,9154349,3600.02,37274.65,40874.67,1703.11,19.7,0,dom
9-10-17,-8,1,-7,29546,34216,63762,80,5,5,90,81885,6723,2932,91540,13186,251,13437,8968255,199531,9167786,3742.72,37833.73,41576.45,1732.35,20.2,0,lun
10-10-17,-12,-2,-14,29534,34214,63748,36,13,4,53,81921,6736,2936,91593,13659,140,13799,8981914,199671,9181585,3711.08,39815.68,43526.76,1813.62,20,0,mar
11-10-17,-86,-54,-140,29448,34160,63608,52,8,5,65,81973,6744,2941,91658,14067,158,14225,8995981,199829,9195810,3801.92,40338.4,44140.32,1839.18,19.8,0,mié
12-10-17,59,84,143,29507,34244,63751,158,22,6,186,82131,6766,2947,91844,10099,396,10495,9006080,200225,9206305,3322.3,40769.82,44092.12,1837.17,20.3,0,jue
13-10-17,-34,25,-9,29473,34269,63742,105,23,9,137,82236,6789,2956,91981,11312,365,11677,9017392,200590,9217982,3329.27,41255.88,44585.15,1857.71,21.8,0,vie
14-10-17,31,50,81,29504,34319,63823,230,20,7,257,82466,6809,2963,92238,9223,587,9810,9026615,201177,9227792,3080,41206.45,44286.45,1845.27,20.5,0,sáb
15-10-17,53,82,135,29557,34401,63958,181,14,2,197,82647,6823,2965,92435,9250,481,9731,9035865,201658,9237523,3129.75,40257.32,43387.07,1807.79,22,0,dom
16-10-17,-13,49,36,29544,34450,63994,50,4,7,61,82697,6827,2972,92496,12837,208,13045,9048702,201866,9250568,3478.02,40732.97,44210.99,1842.12,20.1,0,lun
17-10-17,-19,26,7,29525,34476,64001,41,4,5,50,82738,6831,2977,92546,11316,142,11458,9060018,202008,9262026,2983.9,42769.03,45752.93,1906.37,17.3,20.1,mar
18-10-17,-16,0,-16,29509,34476,63985,15,0,3,18,82753,6831,2980,92564,6339,38,6377,9066357,202046,9268403,1615.08,44966.26,46581.34,1940.89,12.2,4.6,mié
19-10-17,-41,48,7,29468,34524,63992,33,9,4,46,82786,6840,2984,92610,12290,139,12429,9078647,202185,9280832,3210.28,42757.95,45968.23,1915.34,12.8,0,jue
20-10-17,-41,-66,-107,29427,34458,63885,62,12,1,75,82848,6852,2985,92685,13326,149,13475,9091973,202334,9294307,3705.17,42156.08,45861.25,1910.89,15.1,0,vie
21-10-17,13,26,39,29440,34484,63924,162,15,2,179,83010,6867,2987,92864,10759,363,11122,9102732,202697,9305429,3554.18,42259.91,45814.09,1908.92,17,0,sáb
22-10-17,33,90,123,29473,34574,64047,197,6,4,207,83207,6873,2991,93071,10423,459,10882,9113155,203156,9316311,3451.77,41907.03,45358.8,1889.95,14.4,0,dom
23-10-17,-1,25,24,29472,34599,64071,75,4,3,82,83282,6877,2994,93153,12131,221,12352,9125286,203377,9328663,3330.55,42623.5,45954.05,1914.75,14.8,0,lun
24-10-17,-37,-3,-40,29435,34596,64031,54,6,5,65,83336,6883,2999,93218,13290,149,13439,9138576,203526,9342102,3578.18,43064.55,46642.73,1943.45,17.6,0,mar
25-10-17,-6,-98,-104,29429,34498,63927,50,0,4,54,83386,6883,3003,93272,13835,136,13971,9152411,203662,9356073,3691.67,42695.17,46386.84,1932.79,17.4,0,mié
26-10-17,-3,17,14,29426,34515,63941,59,10,6,75,83445,6893,3009,93347,14274,186,14460,9166685,203848,9370533,3872.12,42299.01,46171.13,1923.8,18.8,0,jue
27-10-17,1,32,33,29427,34547,63974,87,17,6,110,83532,6910,3015,93457,14110,269,14379,9180795,204117,9384912,3886.23,42470.13,46356.36,1931.52,20.7,0,vie
28-10-17,31,78,109,29458,34625,64083,204,25,6,235,83736,6935,3021,93692,10861,563,11424,9191656,204680,9396336,3567.6,43146.18,46713.78,1946.41,17,0,sáb
29-10-17,37,80,117,29495,34705,64200,206,21,3,230,83942,6956,3024,93922,8972,517,9489,9200628,205197,9405825,3186.85,43952.5,47139.35,1885.57,15.8,0,dom
30-10-17,-11,17,6,29484,34722,64206,87,8,5,100,84029,6964,3029,94022,12391,269,12660,9213019,205466,9418485,3425.35,43594.2,47019.55,1959.15,14.4,0,lun
31-10-17,11,27,38,29495,34749,64244,63,14,7,84,84092,6978,3036,94106,13423,233,13656,9226442,205699,9432141,3663.65,42772.55,46436.2,1934.84,14.1,0,mar
1-11-17,30,89,119,29525,34838,64363,190,8,8,206,84282,6986,3044,94312,10173,394,10567,9236615,206093,9442708,3226.38,42111.93,45338.31,1889.1,14.4,0,mié
2-11-17,-21,-2,-23,29504,34836,64340,59,14,4,77,84341,7000,3048,94389,12647,205,12852,9249262,206298,9455560,3439.63,43046.81,46486.44,1936.94,15.8,0.6,jue
3-11-17,-4,10,6,29500,34846,64346,103,22,9,134,84444,7022,3057,94523,12892,307,13199,9262154,206605,9468759,3683.2,43180.63,46863.83,1952.66,15.2,3.7,vie
4-11-17,27,83,110,29527,34929,64456,119,9,0,128,84563,7031,3057,94651,8413,362,8775,9270567,206967,9477534,2570.85,44668.73,47239.58,1968.32,12.8,0.2,sáb
5-11-17,33,88,121,29560,35017,64577,156,6,1,163,84719,7037,3058,94814,8461,395,8856,9279028,207362,9486390,2677.33,43614.88,46292.21,1928.84,12,0,dom
6-11-17,-6,18,12,29554,35035,64589,24,2,1,27,84743,7039,3059,94841,10804,94,10898,9289832,207456,9497288,2861.82,43896.63,46758.45,1948.27,9.9,0,lun
7-11-17,-7,5,-2,29547,35040,64587,45,3,2,50,84788,7042,3061,94891,11833,96,11929,9301665,207552,9509217,2974.55,43240.38,46214.93,1925.62,9.4,0,mar
8-11-17,-7,-1,-8,29540,35039,64579,31,1,1,33,84819,7043,3062,94924,11621,59,11680,9313286,207611,9520897,2992,43462.7,46454.7,1935.61,10.2,0,mié
9-11-17,18,49,67,29558,35088,64646,77,3,6,86,84896,7046,3068,95010,7292,138,7430,9320578,207749,9528327,2140.45,44072.93,46213.38,1925.56,7.4,0,jue
10-11-17,-55,-30,-85,29503,35058,64561,50,8,5,63,84946,7054,3073,95073,10143,135,10278,9330721,207884,9538605,2709.82,43450.13,46159.95,1923.33,9.8,0,vie
11-11-17,20,63,83,29523,35121,64644,173,9,3,185,85119,7063,3076,95258,8418,345,8763,9339139,208229,9547368,2601.92,44243.98,46845.9,1951.91,11.2,0,sáb
12-11-17,21,37,58,29544,35158,64702,170,3,1,174,85289,7066,3077,95432,7851,412,8263,9346990,208641,9555631,2627.47,44014.06,46641.53,1943.4,10.8,0,dom
13-11-17,-10,9,-1,29534,35167,64701,42,5,4,51,85331,7071,3081,95483,10354,120,10474,9357344,208761,9566105,2592.35,44334.61,46926.96,1955.29,9.6,0,lun
14-11-17,-35,-7,-42,29499,35160,64659,22,3,1,26,85353,7074,3082,95509,11097,65,11162,9368441,208826,9577267,2797.35,44177.08,46974.43,1957.27,8,0,mar
15-11-17,-8,6,-2,29491,35166,64657,24,1,2,27,85377,7075,3084,95536,11291,63,11354,9379732,208889,9588621,2903.9,44255.98,47159.88,1965,9.1,0,mié
16-11-17,-46,-24,-70,29445,35142,64587,26,9,4,39,85403,7084,3088,95575,11854,81,11935,9391586,208970,9600556,3085.42,43954.82,47040.24,1960.01,10.2,0,jue
17-11-17,8,9,17,29453,35151,64604,56,9,3,68,85459,7093,3091,95643,11847,176,12023,9403433,209146,9612579,3262.87,43285.37,46548.24,1939.51,11,0,vie
18-11-17,9,50,59,29462,35201,64663,157,13,0,170,85616,7106,3091,95813,9591,325,9916,9413024,209471,9622495,2970.07,43185.51,46155.58,1923.15,12.4,0,sáb
19-11-17,26,50,76,29488,35251,64739,177,7,5,189,85793,7113,3096,96002,8223,411,8634,9421247,209882,9631129,2765.8,43430.41,46196.21,1924.84,10.3,0,dom
20-11-17,6,16,22,29494,35267,64761,40,2,0,42,85833,7115,3096,96044,10885,149,11034,9432132,210031,9642163,2845.38,44241.18,47086.56,1961.94,10,0,lun
21-11-17,-41,-16,-57,29453,35251,64704,29,7,2,38,85862,7122,3098,96082,11648,86,11734,9443780,210117,9653897,3077.32,42809.95,45887.27,1911.97,9.6,0,mar
22-11-17,-38,-17,-55,29415,35234,64649,44,2,1,47,85906,7124,3099,96129,11784,89,11873,9455564,210206,9665770,3062.27,43075.01,46137.28,1922.39,9.8,0,mié
23-11-17,-12,8,-4,29403,35242,64645,24,4,7,35,85930,7128,3106,96164,12160,75,12235,9467724,210281,9678005,3114.15,43785.75,46899.9,1954.16,11.4,0.1,jue
24-11-17,-3,16,13,29400,35258,64658,37,12,1,50,85967,7140,3107,96214,12325,120,12445,9480049,210401,9690450,3363.97,42916.02,46279.99,1928.33,13,0,vie
25-11-17,19,48,67,29419,35306,64725,142,8,2,152,86109,7148,3109,96366,9162,313,9475,9489211,210714,9699925,2892.03,42345.58,45237.61,1884.9,12.2,0,sáb
26-11-17,16,37,53,29435,35343,64778,118,2,1,121,86227,7150,3110,96487,7474,265,7739,9496685,210979,9707664,2369.98,42997.66,45367.64,1890.32,7.6,0,dom
27-11-17,-12,6,-6,29423,35349,64772,25,1,1,27,86252,7151,3111,96514,9687,51,9738,9506372,211030,9717402,2422.4,43163.3,45585.7,1899.4,5.6,0,lun
28-11-17,-12,0,-12,29411,35349,64760,8,0,0,8,86260,7151,3111,96522,6813,23,6836,9513185,211053,9724238,1709.35,44590.02,46299.37,1929.14,5.7,4.4,mar
29-11-17,-28,-23,-51,29383,35326,64709,25,0,0,25,86285,7151,3111,96547,10585,36,10621,9523770,211089,9734859,2641.3,43841.46,46482.76,1936.78,7.8,0,mié
30-11-17,1,13,14,29384,35339,64723,33,2,2,37,86318,7153,3113,96584,10236,77,10313,9534006,211166,9745172,2664.42,43842.11,46506.53,1937.77,5,0,jue
1-12-17,-6,6,0,29378,35345,64723,15,4,1,20,86333,7157,3114,96604,9630,37,9667,9543636,211203,9754839,2480.47,43603.82,46084.29,1920.18,5.2,0,vie
2-12-17,9,26,35,29387,35371,64758,67,9,4,80,86400,7166,3118,96684,6680,135,6815,9550316,211338,9761654,1936.03,43909.7,45845.73,1910.24,3,0,sáb
3-12-17,10,25,35,29397,35396,64793,82,0,1,83,86482,7166,3119,96767,6061,170,6231,9556377,211508,9767885,1957.48,43710.45,45667.93,1902.83,4.2,0,dom
4-12-17,-13,5,-8,29384,35401,64785,22,3,0,25,86504,7169,3119,96792,8734,50,8784,9565111,211558,9776669,2231.75,43657.06,45888.81,1912.03,4.9,0,lun
5-12-17,-4,14,10,29380,35415,64795,30,3,2,35,86534,7172,3121,96827,9279,57,9336,9574390,211615,9786005,2414.62,43571.33,45985.95,1916.08,5.4,0,mar
6-12-17,14,26,40,29394,35441,64835,65,4,4,73,86599,7176,3125,96900,5988,154,6142,9580378,211769,9792147,1939.67,44234.67,46174.34,1923.93,4.1,0,mié
7-12-17,-22,-8,-30,29372,35433,64805,71,6,0,77,86670,7182,3125,96977,7060,182,7242,9587438,211951,9799389,2049.05,45233.26,47282.31,1970.1,5,0,jue
8-12-17,4,21,25,29376,35454,64830,93,16,1,110,86763,7198,3126,97087,5116,205,5321,9592554,212156,9804710,1673.18,45302.66,46975.84,1957.33,6.8,0,vie
9-12-17,15,25,40,29391,35479,64870,144,7,1,152,86907,7205,3127,97239,5857,287,6144,9598411,212443,9810854,1896.8,45220.08,47116.88,1963.2,9,0,sáb
10-12-17,-3,20,17,29388,35499,64887,53,1,1,55,86960,7206,3128,97294,4537,185,4722,9602948,212628,9815576,1438.23,46391.01,47829.24,1992.89,10.1,11.9,dom
11-12-17,-10,-18,-28,29378,35481,64859,8,0,1,9,86968,7206,3129,97303,7576,23,7599,9610524,212651,9823175,1894.35,46063.61,47957.96,1998.25,7.2,0,lun
12-12-17,1,6,7,29379,35487,64866,16,1,0,17,86984,7207,3129,97320,9280,35,9315,9619804,212686,9832490,2429.45,44832.81,47262.26,1969.26,4.6,0,mar
13-12-17,-6,6,0,29373,35493,64866,10,0,0,10,86994,7207,3129,97330,9420,19,9439,9629224,212705,9841929,2371.47,44375.73,46747.2,1947.8,4.2,0,mié
14-12-17,-12,15,3,29361,35508,64869,22,2,1,25,87016,7209,3130,97355,9825,62,9887,9639049,212767,9851816,2586.1,44195.7,46781.8,1949.24,7.2,0,jue
15-12-17,-22,-26,-48,29339,35482,64821,41,3,1,45,87057,7212,3131,97400,10289,82,10371,9649338,212849,9862187,2845.23,44170.32,47015.55,1958.98,8.4,0,vie
16-12-17,8,26,34,29347,35508,64855,73,3,1,77,87130,7215,3132,97477,8165,131,8296,9657503,212980,9870483,2480.08,43860.11,46340.19,1930.84,5.8,0,sáb
17-12-17,14,13,27,29361,35521,64882,72,0,0,72,87202,7215,3132,97549,6942,151,7093,9664445,213131,9877576,2079.02,44044.53,46123.55,1921.81,5.6,0,dom
18-12-17,2,-2,0,29363,35519,64882,17,4,3,24,87219,7219,3135,97573,9140,50,9190,9673585,213181,9886766,2394.95,43062.7,45457.65,1894.07,5.4,0,lun
19-12-17,-23,-18,-41,29340,35501,64841,31,1,3,35,87250,7220,3138,97608,10232,55,10287,9683817,213236,9897053,2700.78,42518.33,45219.11,1884.13,8,0,mar
20-12-17,-38,-61,-99,29302,35440,64742,16,2,2,20,87266,7222,3140,97628,10391,33,10424,9694208,213269,9907477,2739.38,42394.3,45133.68,1880.57,6.8,0,mié
21-12-17,-25,12,-13,29277,35452,64729,46,5,6,57,87312,7227,3146,97685,10372,94,10466,9704580,213363,9917943,2761.13,42908.58,45669.71,1902.9,7.2,0,jue
22-12-17,-7,12,5,29270,35464,64734,53,10,5,68,87365,7237,3151,97753,9901,164,10065,9714481,213527,9928008,2774.37,43072.85,45847.22,1910.3,7.5,0,vie
23-12-17,15,12,27,29285,35476,64761,57,4,6,67,87422,7241,3157,97820,6604,188,6792,9721085,213715,9934800,1962.1,43429.6,45391.7,1891.32,7.6,0,sáb
24-12-17,4,10,14,29289,35486,64775,62,7,5,74,87484,7248,3162,97894,4198,181,4379,9725283,213896,9939179,1283.62,42784.61,44068.23,1836.18,7.5,0,dom
25-12-17,-2,22,20,29287,35508,64795,18,4,1,23,87502,7252,3163,97917,2347,58,2405,9727630,213954,9941584,762.48,42496.43,43258.91,1802.45,4,1.9,lun
26-12-17,-1,7,6,29286,35515,64801,20,2,1,23,87522,7254,3164,97940,5003,69,5072,9732633,214023,9946656,1346.23,42747.23,44093.46,1837.23,5.3,2.8,mar
27-12-17,-4,11,7,29282,35526,64808,56,6,7,69,87578,7260,3171,98009,6049,161,6210,9738682,214184,9952866,1694.93,44156.1,45851.03,1910.46,8.1,0,mié
28-12-17,-11,-18,-29,29271,35508,64779,66,8,8,82,87644,7268,3179,98091,6951,195,7146,9745633,214379,9960012,1948.17,44415.47,46363.64,1931.82,10.2,0,jue
29-12-17,6,8,14,29277,35516,64793,87,8,13,108,87731,7276,3192,98199,7423,249,7672,9753056,214628,9967684,2111.72,42246.3,44358.02,1848.25,11.8,0,vie
30-12-17,2,38,40,29279,35554,64833,104,31,9,144,87835,7307,3201,98343,5891,323,6214,9758947,214951,9973898,1959.4,41196.51,43155.91,1798.16,11.2,0,sáb
31-12-17,5,5,10,29284,35559,64843,82,4,4,90,87917,7311,3205,98433,3889,245,4134,9762836,215196,9978032,1256.4,41039.68,42296.08,1762.34,9.2,0.8,dom
1-1-18,4,24,28,29288,35583,64871,122,17,2,141,88039,7328,3207,98574,3454,315,3769,9766290,215511,9981801,1396.55,40049.96,41446.51,1726.94,7.6,0,lun
2-1-18,6,26,32,29294,35609,64903,84,6,3,93,88123,7334,3210,98667,6414,235,6649,9772704,215746,9988450,1926.12,40730.13,42656.25,1777.34,10.4,0,mar
3-1-18,0,13,13,29294,35622,64916,83,5,4,92,88206,7339,3214,98759,7689,200,7889,9780393,215946,9996339,2221.15,43628.25,45849.4,1910.39,10.6,0,mié
4-1-18,8,17,25,29302,35639,64941,69,7,3,79,88275,7346,3217,98838,8282,183,8465,9788675,216129,10004804,2322.3,43458.05,45780.35,1907.51,10.8,0,jue
5-1-18,-28,-23,-51,29274,35616,64890,29,2,1,32,88304,7348,3218,98870,5872,75,5947,9794547,216204,10010751,1655.23,45654.88,47310.11,1971.25,8.6,14.1,vie
6-1-18,-2,11,9,29272,35627,64899,4,0,0,4,88308,7348,3218,98874,1379,14,1393,9795926,216218,10012144,513.38,45419.95,45933.33,1913.89,4,20.6,sáb
7-1-18,2,13,15,29274,35640,64914,3,0,0,3,88311,7348,3218,98877,2414,7,2421,9798340,216225,10014565,791.93,47033.51,47825.44,1992.73,3.3,3.1,dom
8-1-18,-1,11,10,29273,35651,64924,27,1,0,28,88338,7349,3218,98905,7802,41,7843,9806142,216266,10022408,1983.18,46055.93,48039.11,2001.63,3.8,0,lun
9-1-18,-9,2,-7,29264,35653,64917,3,0,0,3,88341,7349,3218,98908,5915,9,5924,9812057,216275,10028332,1456.17,46251.25,47707.42,1987.81,1.6,2.3,mar
10-1-18,-13,8,-5,29251,35661,64912,8,1,0,9,88349,7350,3218,98917,7045,11,7056,9819102,216286,10035388,1767.02,45674.06,47441.08,1976.71,5.1,0.8,mié
11-1-18,-32,-20,-52,29219,35641,64860,19,1,3,23,88368,7351,3221,98940,8765,39,8804,9827867,216325,10044192,2221.85,44974.15,47196,1966.5,5.8,0,jue
12-1-18,-3,14,11,29216,35655,64871,18,4,0,22,88386,7355,3221,98962,9262,41,9303,9837129,216366,10053495,2404.5,45267.13,47671.63,1986.32,3.8,0,vie
13-1-18,3,17,20,29219,35672,64891,20,1,0,21,88406,7356,3221,98983,4311,31,4342,9841440,216397,10057837,1318.37,45610.35,46928.72,1955.36,4,6,sáb
14-1-18,13,23,36,29232,35695,64927,46,0,1,47,88452,7356,3222,99030,5375,82,5457,9846815,216479,10063294,1689.98,45229.91,46919.89,1955,4.6,0,dom
15-1-18,-12,6,-6,29220,35701,64921,31,1,2,34,88483,7357,3224,99064,8130,49,8179,9854945,216528,10071473,2024.32,45288.21,47312.53,1971.36,4.2,0,lun
16-1-18,-2,4,2,29218,35705,64923,31,6,1,38,88514,7363,3225,99102,9315,61,9376,9864260,216589,10080849,2360.58,45003.77,47364.35,1973.51,7.2,0,mar
17-1-18,-36,-8,-44,29182,35697,64879,10,2,0,12,88524,7365,3225,99114,9698,42,9740,9873958,216631,10090589,2382.7,45427.3,47810,1992.08,9,0,mié
18-1-18,-7,11,4,29175,35708,64883,45,1,2,48,88569,7366,3227,99162,10004,101,10105,9883962,216732,10100694,2552.28,44879.71,47431.99,1976.33,7.8,0,jue
19-1-18,1,12,13,29176,35720,64896,39,9,1,49,88608,7375,3228,99211,10226,117,10343,9894188,216849,10111037,2708.27,44650.12,47358.39,1973.27,8.9,0,vie
20-1-18,9,30,39,29185,35750,64935,123,5,1,129,88731,7380,3229,99340,7471,245,7716,9901659,217094,10118753,2337.15,46041.33,48378.48,2015.77,7.9,0,sáb
21-1-18,16,63,79,29201,35813,65014,106,2,0,108,88837,7382,3229,99448,7460,242,7702,9909119,217336,10126455,2450.18,45516.55,47966.73,1998.61,11,0,dom
22-1-18,-12,28,16,29189,35841,65030,25,3,6,34,88862,7385,3235,99482,9511,63,9574,9918630,217399,10136029,2453.23,45531.4,47984.63,1999.36,9.7,0,lun
23-1-18,0,-2,-2,29189,35839,65028,26,0,4,30,88888,7385,3239,99512,10212,88,10300,9928842,217487,10146329,2627.85,45036.37,47664.22,1986.01,10,0,mar
24-1-18,-9,25,16,29180,35864,65044,16,2,1,19,88904,7387,3240,99531,10689,46,10735,9939531,217533,10157064,2683.48,44692.78,47376.26,1974.01,9.1,0,mié
25-1-18,-21,21,0,29159,35885,65044,10,0,0,10,88914,7387,3240,99541,6790,17,6807,9946321,217550,10163871,1728.42,46008.98,47737.4,1989.06,6.8,3.5,jue
26-1-18,-2,-65,-67,29157,35820,64977,35,8,2,45,88949,7395,3242,99586,9192,67,9259,9955513,217617,10173130,2425.47,45468.77,47894.24,1995.59,5.9,0,vie
27-1-18,9,35,44,29166,35855,65021,82,3,4,89,89031,7398,3246,99675,6681,175,6856,9962194,217792,10179986,2060.65,45591.41,47652.06,1985.5,6.9,0,sáb
28-1-18,19,28,47,29185,35883,65068,97,4,0,101,89128,7402,3246,99776,6069,195,6264,9968263,217987,10186250,1922.65,46124.28,48046.93,2001.96,8.4,0,dom
29-1-18,11,6,17,29196,35889,65085,26,2,2,30,89154,7404,3248,99806,9164,76,9240,9977427,218063,10195490,2264.13,45143.7,47407.83,1975.33,9.2,0,lun
30-1-18,4,22,26,29200,35911,65111,20,4,3,27,89174,7408,3251,99833,9785,65,9850,9987212,218128,10205340,2480.75,45099.81,47580.56,1982.52,8.2,0,mar
31-1-18,-26,1,-25,29174,35912,65086,33,2,3,38,89207,7410,3254,99871,10190,89,10279,9997402,218217,10215619,2594.9,45206.21,47801.11,1991.71,7.6,0,mié
1-2-18,-5,-15,-20,29169,35897,65066,30,1,0,31,89237,7411,3254,99902,9070,62,9132,10006472,218279,10224751,2237.35,45550.7,47788.05,1991.17,6.6,0.1,jue
2-2-18,-8,4,-4,29161,35901,65062,33,4,1,38,89270,7415,3255,99940,8789,47,8836,10015261,218326,10233587,2213.75,45872.15,48085.9,2003.58,4.4,0,vie
3-2-18,17,24,41,29178,35925,65103,110,1,1,112,89380,7416,3256,100052,6586,177,6763,10021847,218503,10240350,1980.22,46571.91,48552.13,2023.01,5.2,2.3,sáb
4-2-18,5,6,11,29183,35931,65114,7,0,0,7,89387,7416,3256,100059,2152,23,2175,10023999,218526,10242525,712.88,48128.5,48841.38,2035.06,3.6,17.3,dom
5-2-18,-23,-14,-37,29160,35917,65077,1,0,1,2,89388,7416,3257,100061,2895,7,2902,10026894,218533,10245427,745.8,48096.66,48842.46,2035.1,1.8,14.1,lun
6-2-18,-8,8,0,29152,35925,65077,12,7,1,20,89400,7423,3258,100081,7745,40,7785,10034639,218573,10253212,1968.95,46261,48229.95,2009.58,4.1,0,mar
7-2-18,-21,-25,-46,29131,35900,65031,11,1,2,14,89411,7424,3260,100095,8023,30,8053,10042662,218603,10261265,2000.45,45192.95,47193.4,1966.39,3,0,mié
8-2-18,-18,-13,-31,29113,35887,65000,18,6,1,25,89429,7430,3261,100120,8278,49,8327,10050940,218652,10269592,2070.27,45332.98,47403.25,1975.14,3,0,jue
9-2-18,-18,6,-12,29095,35893,64988,24,9,0,33,89453,7439,3261,100153,8485,70,8555,10059425,218722,10278147,2184.13,45198.8,47382.93,1974.29,3.3,0,vie
10-2-18,3,29,32,29098,35922,65020,71,15,2,88,89524,7454,3263,100241,6220,216,6436,10065645,218938,10284583,1875.22,45233.61,47108.83,1962.87,5.7,0,sáb
11-2-18,9,46,55,29107,35968,65075,108,5,1,114,89632,7459,3264,100355,6115,217,6332,10071760,219155,10290915,2056.07,45516.17,47572.24,1982.18,7.5,0.1,dom
12-2-18,-14,7,-7,29093,35975,65068,28,1,1,30,89660,7460,3265,100385,8168,83,8251,10079928,219238,10299166,2116,46441.93,48557.93,2023.25,6.8,0,lun
13-2-18,7,-1,6,29100,35974,65074,22,0,1,23,89682,7460,3266,100408,8476,62,8538,10088404,219300,10307704,2162.98,46049.8,48212.78,2008.87,4.7,0,mar
14-2-18,-25,-29,-54,29075,35945,65020,34,2,2,38,89716,7462,3268,100446,9320,70,9390,10097724,219370,10317094,2339.77,45396.01,47735.78,1988.99,8.2,0,mié
15-2-18,-15,1,-14,29060,35946,65006,61,3,1,65,89777,7465,3269,100511,9205,123,9328,10106929,219493,10326422,2380.38,45417.12,47797.5,1991.56,8.4,0,jue
16-2-18,2,24,26,29062,35970,65032,61,11,5,77,89838,7476,3274,100588,9515,162,9677,10116444,219655,10336099,2615.87,44518.25,47134.12,1963.92,10.7,0,vie
17-2-18,16,46,62,29078,36016,65094,127,11,0,138,89965,7487,3274,100726,7232,284,7516,10123676,219939,10343615,2279.13,45641.9,47921.03,1996.71,10.7,0,sáb
18-2-18,22,44,66,29100,36060,65160,134,9,2,145,90099,7496,3276,100871,6686,339,7025,10130362,220278,10350640,2346.12,46002.16,48348.28,2014.51,8,0,dom
19-2-18,-10,3,-7,29090,36063,65153,27,0,0,27,90126,7496,3276,100898,9048,66,9114,10139410,220344,10359754,2300.07,45907.87,48207.94,2008.66,10.8,0,lun
20-2-18,0,3,3,29090,36066,65156,37,2,5,44,90163,7498,3281,100942,9924,79,10003,10149334,220423,10369757,2517.13,45175.68,47692.81,1987.2,10.9,0,mar
21-2-18,-14,3,-11,29076,36069,65145,45,5,0,50,90208,7503,3281,100992,9325,92,9417,10158659,220515,10379174,2297.08,44972.28,47269.36,1969.56,7.6,0,mié
22-2-18,-4,0,-4,29072,36069,65141,14,3,4,21,90222,7506,3285,101013,9370,50,9420,10168029,220565,10388594,2291.25,45535.18,47826.43,1992.77,5.4,0,jue
23-2-18,-9,19,10,29063,36088,65151,50,7,0,57,90272,7513,3285,101070,9452,115,9567,10177481,220680,10398161,2492.17,44982.28,47474.45,1978.1,4.3,0,vie
24-2-18,16,36,52,29079,36124,65203,115,10,1,126,90387,7523,3286,101196,6940,273,7213,10184421,220953,10405374,2174.33,45923.37,48097.7,2004.07,5.4,0,sáb
25-2-18,12,24,36,29091,36148,65239,149,5,1,155,90536,7528,3287,101351,6608,294,6902,10191029,221247,10412276,2300.35,45986.78,48287.13,2011.96,6.8,0,dom
26-2-18,1,1,2,29092,36149,65241,42,1,2,45,90578,7529,3289,101396,9235,87,9322,10200264,221334,10421598,2313.75,45919.91,48233.66,2009.74,8.8,0,lun
27-2-18,-6,-3,-9,29086,36146,65232,8,0,0,8,90586,7529,3289,101404,4627,13,4640,10204891,221347,10426238,1167.32,46869.68,48037,2001.54,3.6,19.9,mar
28-2-18,-43,-30,-73,29043,36116,65159,9,1,1,11,90595,7530,3290,101415,3615,13,3628,10208506,221360,10429866,955.9,47130.31,48086.21,2003.59,7.8,19.2,mié
1-3-18,-19,-25,-44,29024,36091,65115,0,0,0,0,90595,7530,3290,101415,3254,5,3259,10211760,221365,10433125,890.08,47075.16,47965.24,1998.55,8.4,17.3,jue
2-3-18,-11,-17,-28,29013,36074,65087,2,1,0,3,90597,7531,3290,101418,3615,8,3623,10215375,221373,10436748,1037.3,47096.41,48133.71,2005.57,6.4,15.3,vie
3-3-18,9,1,10,29022,36075,65097,53,12,0,65,90650,7543,3290,101483,4580,106,4686,10219955,221479,10441434,1410.48,46532.23,47942.71,1997.61,9.4,13.8,sáb
4-3-18,18,29,47,29040,36104,65144,57,3,0,60,90707,7546,3290,101543,5280,134,5414,10225235,221613,10446848,1735.23,45871.36,47606.59,1983.61,9.2,4.9,dom
5-3-18,1,1,2,29041,36105,65146,7,3,1,11,90714,7549,3291,101554,6159,42,6201,10231394,221655,10453049,1518.33,46120.81,47639.14,1984.96,7.4,2.1,lun
6-3-18,-10,1,-9,29031,36106,65137,15,0,1,16,90729,7549,3292,101570,7641,47,7688,10239035,221702,10460737,1927.4,46084.67,48012.07,2000.5,7.4,1,mar
7-3-18,-3,30,27,29028,36136,65164,43,1,1,45,90772,7550,3293,101615,9573,70,9643,10248608,221772,10470380,2510.18,44977.67,47487.85,1978.66,6.8,2.6,mié
8-3-18,-24,-44,-68,29004,36092,65096,22,6,3,31,90794,7556,3296,101646,9520,63,9583,10258128,221835,10479963,2552.3,43857.53,46409.83,1933.74,7.7,1,jue
9-3-18,-13,-7,-20,28991,36085,65076,5,2,1,8,90799,7558,3297,101654,4818,12,4830,10262946,221847,10484793,1373.3,45538.83,46912.13,1954.67,10.5,11.9,vie
10-3-18,0,1,1,28991,36086,65077,38,0,1,39,90837,7558,3298,101693,3858,76,3934,10266804,221923,10488727,1211.97,45882.93,47094.9,1962.29,9.7,23.7,sáb
11-3-18,4,17,21,28995,36103,65098,25,1,0,26,90862,7559,3298,101719,4509,60,4569,10271313,221983,10493296,1414.5,45495.45,46909.95,1954.58,8.2,1.1,dom
12-3-18,-21,7,-14,28974,36110,65084,38,4,1,43,90900,7563,3299,101762,8478,92,8570,10279791,222075,10501866,2157.53,45067.8,47225.33,1967.72,9.8,1.5,lun
13-3-18,-31,13,-18,28943,36123,65066,25,2,6,33,90925,7565,3305,101795,9267,75,9342,10289058,222150,10511208,2336.18,45497.12,47833.3,1993.05,10.3,0.3,mar
14-3-18,-41,-40,-81,28902,36083,64985,6,1,1,8,90931,7566,3306,101803,3219,27,3246,10292277,222177,10514454,849.33,46843.68,47693.01,1987.21,9.8,22.9,mié
15-3-18,6,-4,2,28908,36079,64987,26,5,0,31,90957,7571,3306,101834,8998,77,9075,10301275,222254,10523529,2338.85,44966.82,47305.67,1971.07,8.9,0.1,jue
16-3-18,-12,-3,-15,28896,36076,64972,45,15,2,62,91002,7586,3308,101896,7844,139,7983,10309119,222393,10531512,2159.92,44231.08,46391,1932.96,8.2,3.2,vie
17-3-18,17,17,34,28913,36093,65006,53,2,1,56,91055,7588,3309,101952,5016,162,5178,10314135,222555,10536690,1554.92,44594.21,46149.13,1922.88,6.2,7.3,sáb
18-3-18,20,40,60,28933,36133,65066,108,4,0,112,91163,7592,3309,102064,6187,235,6422,10320322,222790,10543112,2114.58,44269.82,46384.4,1932.68,8.4,0,dom
19-3-18,-16,-26,-42,28917,36107,65024,9,0,1,10,91172,7592,3310,102074,5829,35,5864,10326151,222825,10548976,1448.35,44471.78,45920.13,1913.34,6.7,4.2,lun
20-3-18,-18,-24,-42,28899,36083,64982,24,5,0,29,91196,7597,3310,102103,8030,48,8078,10334181,222873,10557054,1960.45,43205.21,45165.66,1881.9,6.3,#N/A,mar
21-3-18,-81,-41,-122,28818,36042,64860,21,0,1,22,91217,7597,3311,102125,8762,50,8812,10342943,222923,10565866,2162.88,42830.03,44992.91,1874.7,7.3,0,mié
22-3-18,1,-13,-12,28819,36029,64848,31,5,1,37,91248,7602,3312,102162,9451,79,9530,10352394,223002,10575396,2439.98,43108.46,45548.44,1897.85,6.6,0,jue
23-3-18,2,-18,-16,28821,36011,64832,12,6,1,19,91260,7608,3313,102181,7071,54,7125,10359465,223056,10582521,1850.97,43940.7,45791.67,1907.99,9.4,3.5,vie
24-3-18,0,26,26,28821,36037,64858,55,7,4,66,91315,7615,3317,102247,4894,131,5025,10364359,223187,10587546,1421.9,45136.43,46558.33,1939.93,7.6,0,sáb
25-3-18,2,30,32,28823,36067,64890,94,11,4,109,91409,7626,3321,102356,5075,204,5279,10369434,223391,10592825,1683.15,45073.73,46756.88,2032.91,9.6,0,dom
26-3-18,-1,-10,-11,28822,36057,64879,60,3,7,70,91469,7629,3328,102426,7357,181,7538,10376791,223572,10600363,2054.88,45008.63,47063.51,1960.98,9.6,0,lun
27-3-18,-22,37,15,28800,36094,64894,65,11,3,79,91534,7640,3331,102505,7985,202,8187,10384776,223774,10608550,2265.22,44933.47,47198.69,1966.61,14.6,0,mar
28-3-18,-39,-53,-92,28761,36041,64802,66,6,1,73,91600,7646,3332,102578,7263,214,7477,10392039,223988,10616027,2130.62,45202.7,47333.32,1972.22,15,0,mié
29-3-18,8,34,42,28769,36075,64844,95,5,1,101,91695,7651,3333,102679,4036,220,4256,10396075,224208,10620283,1464.25,45931.91,47396.16,1974.84,12.2,0.8,jue
30-3-18,12,20,32,28781,36095,64876,92,22,1,115,91787,7673,3334,102794,2976,268,3244,10399051,224476,10623527,1061.7,46040.11,47101.81,1962.58,7.8,2.2,vie
31-3-18,0,1,1,28781,36096,64877,107,14,2,123,91894,7687,3336,102917,3664,285,3949,10402715,224761,10627476,1237.37,45437.26,46674.63,1944.78,8.8,0,sáb
1-4-18,22,37,59,28803,36133,64936,181,8,4,193,92075,7695,3340,103110,4772,510,5282,10407487,225271,10632758,1928.18,45423.58,47351.76,1972.99,11.4,0,dom
2-4-18,-19,8,-11,28784,36141,64925,91,5,2,98,92166,7700,3342,103208,8853,301,9154,10416340,225572,10641912,2463.53,45176.46,47639.99,1985,14.4,5.3,lun
3-4-18,5,5,10,28789,36146,64935,24,2,1,27,92190,7702,3343,103235,9293,98,9391,10425633,225670,10651303,2282.13,44802.78,47084.91,1961.87,12.3,0,mar
4-4-18,-5,19,14,28784,36165,64949,32,8,1,41,92222,7710,3344,103276,9794,96,9890,10435427,225766,10661193,2487.47,44664.51,47151.98,1964.67,11.7,0,mié
5-4-18,-7,35,28,28777,36200,64977,58,6,2,66,92280,7716,3346,103342,10976,138,11114,10446403,225904,10672307,2824.8,44032.01,46856.81,1952.37,12.3,0,jue
6-4-18,-24,-35,-59,28753,36165,64918,53,14,3,70,92333,7730,3349,103412,8253,156,8409,10454656,226060,10680716,2177.75,44892.33,47070.08,1961.25,13.6,7.4,vie
7-4-18,3,25,28,28756,36190,64946,43,4,1,48,92376,7734,3350,103460,5237,81,5318,10459893,226141,10686034,1546.63,45284.48,46831.11,1951.3,9.4,4.1,sáb
8-4-18,13,31,44,28769,36221,64990,126,1,8,135,92502,7735,3358,103595,7248,294,7542,10467141,226435,10693576,2408.17,43698.98,46107.15,1921.13,10.4,2.5,dom
9-4-18,-23,3,-20,28746,36224,64970,8,1,3,12,92510,7736,3361,103607,6908,28,6936,10474049,226463,10700512,1688.57,44812.26,46500.83,1937.53,6.8,2.7,lun
10-4-18,-15,-33,-48,28731,36191,64922,1,0,0,1,92511,7736,3361,103608,3063,6,3069,10477112,226469,10703581,800.5,46827.66,47628.16,1984.51,5.4,17.6,mar
11-4-18,-97,-118,-215,28634,36073,64707,32,3,3,38,92543,7739,3364,103646,8612,67,8679,10485724,226536,10712260,2083.88,45300.2,47384.08,1974.34,7,0,mié
12-4-18,-6,-23,-29,28628,36050,64678,20,3,0,23,92563,7742,3364,103669,7075,53,7128,10492799,226589,10719388,1809.1,45801.85,47610.95,1983.79,8.4,7.4,jue
13-4-18,-13,-2,-15,28615,36048,64663,31,13,1,45,92594,7755,3365,103714,8595,80,8675,10501394,226669,10728063,2308.57,45456.41,47764.98,1990.21,9.8,4.8,vie
14-4-18,26,35,61,28641,36083,64724,151,13,3,167,92745,7768,3368,103881,7668,330,7998,10509062,226999,10736061,2535.07,45057.15,47592.22,1983.01,10.8,0.2,sáb
15-4-18,17,53,70,28658,36136,64794,126,8,3,137,92871,7776,3371,104018,7296,300,7596,10516358,227299,10743657,2421.87,45273.23,47695.1,1987.3,13.3,14.3,dom
16-4-18,-8,1,-7,28650,36137,64787,49,4,4,57,92920,7780,3375,104075,9844,116,9960,10526202,227415,10753617,2612.15,44632.73,47244.88,1968.54,12.3,0,lun
17-4-18,16,22,38,28666,36159,64825,65,7,7,79,92985,7787,3382,104154,11401,168,11569,10537603,227583,10765186,3144.88,43891.6,47036.48,1959.85,14.6,0,mar
18-4-18,-53,-54,-107,28613,36105,64718,76,2,2,80,93061,7789,3384,104234,12503,191,12694,10550106,227774,10777880,3397.4,43109.5,46506.9,1937.79,18.4,0,mié
19-4-18,11,23,34,28624,36128,64752,39,6,3,48,93100,7795,3387,104282,12561,139,12700,10562667,227913,10790580,3417.7,42484.03,45901.73,1912.57,18.1,0,jue
20-4-18,4,21,25,28628,36149,64777,97,7,0,104,93197,7802,3387,104386,12149,177,12326,10574816,228090,10802906,3417.33,43664.75,47082.08,1961.75,17.4,0,vie
21-4-18,28,63,91,28656,36212,64868,155,28,5,188,93352,7830,3392,104574,8705,419,9124,10583521,228509,10812030,2903.37,44654.35,47557.72,1981.57,15.7,0,sáb
22-4-18,15,78,93,28671,36290,64961,138,9,3,150,93490,7839,3395,104724,9094,336,9430,10592615,228845,10821460,2976.52,44319.13,47295.65,1970.65,18,#N/A,dom
23-4-18,-2,11,9,28669,36301,64970,76,10,1,87,93566,7849,3396,104811,11376,221,11597,10603991,229066,10833057,3131.87,44440.43,47572.3,1982.18,19.4,0,lun
24-4-18,-2,28,26,28667,36329,64996,73,6,4,83,93639,7855,3400,104894,12845,183,13028,10616836,229249,10846085,3495.18,43535.47,47030.65,1959.61,20.5,0,mar
25-4-18,-27,-15,-42,28640,36314,64954,52,7,2,61,93691,7862,3402,104955,13592,160,13752,10630428,229409,10859837,3649.17,42715.53,46364.7,1931.86,20.8,0,mié
26-4-18,3,12,15,28643,36326,64969,55,10,0,65,93746,7872,3402,105020,13392,171,13563,10643820,229580,10873400,3741.87,42875.72,46617.59,1942.4,20.2,0,jue
27-4-18,-12,28,16,28631,36354,64985,100,21,7,128,93846,7893,3409,105148,12329,291,12620,10656149,229871,10886020,3578.87,42693.75,46272.62,1928.03,19.4,0,vie
28-4-18,15,45,60,28646,36399,65045,187,14,5,206,94033,7907,3414,105354,6987,453,7440,10663136,230324,10893460,2403.07,43718.4,46121.47,1921.73,14.4,6.2,sáb
29-4-18,14,14,28,28660,36413,65073,41,5,0,46,94074,7912,3414,105400,3707,150,3857,10666843,230474,10897317,1150.48,45735.98,46886.46,1953.6,8.3,3.8,dom
30-4-18,-21,-2,-23,28639,36411,65050,79,5,0,84,94153,7917,3414,105484,5555,199,5754,10672398,230673,10903071,1635.97,45861.25,47497.22,1979.05,8.2,2.5,lun
1-5-18,11,67,78,28650,36478,65128,194,6,5,205,94347,7923,3419,105689,5669,418,6087,10678067,231091,10909158,2142.45,45180.84,47323.29,1971.8,10.7,0,mar
2-5-18,23,57,80,28673,36535,65208,101,5,3,109,94448,7928,3422,105798,6903,236,7139,10684970,231327,10916297,2290.47,44586.06,46876.53,1953.19,12.1,0,mié
3-5-18,-4,13,9,28669,36548,65217,53,10,6,69,94501,7938,3428,105867,10814,211,11025,10695784,231538,10927322,2901.3,43461.66,46362.96,1931.79,14.4,0,jue
4-5-18,14,58,72,28683,36606,65289,70,33,2,105,94571,7971,3430,105972,11629,223,11852,10707413,231761,10939174,3346.78,43473.35,46820.13,1950.84,14,0,vie
5-5-18,-35,7,-28,28648,36613,65261,185,26,4,215,94756,7997,3434,106187,9114,463,9577,10716527,232224,10948751,3177,43720.88,46897.88,1954.08,17.1,#N/A,sáb
6-5-18,27,90,117,28675,36703,65378,190,10,3,203,94946,8007,3437,106390,8495,478,8973,10725022,232702,10957724,3060.05,43101.5,46161.55,1923.4,18.4,1.5,dom
7-5-18,-9,8,-1,28666,36711,65377,56,11,12,79,95002,8018,3449,106469,10334,234,10568,10735356,232936,10968292,2836.57,44075.58,46912.15,1954.67,17.6,13.5,lun
8-5-18,4,37,41,28670,36748,65418,72,6,9,87,95074,8024,3458,106556,11623,268,11891,10746979,233204,10980183,3170.72,43246.01,46416.73,1934.03,18.8,0.2,mar
9-5-18,8,28,36,28678,36776,65454,79,13,3,95,95153,8037,3461,106651,13000,234,13234,10759979,233438,10993417,3522.63,42561.55,46084.18,1920.17,19.1,0,mié
10-5-18,10,59,69,28688,36835,65523,100,10,1,111,95253,8047,3462,106762,13411,335,13746,10773390,233773,11007163,3761.53,41896.75,45658.28,1902.43,18.7,0,jue
11-5-18,-18,4,-14,28670,36839,65509,115,28,1,144,95368,8075,3463,106906,12759,350,13109,10786149,234123,11020272,3674.73,41207.93,44882.66,1870.11,19.2,0,vie
12-5-18,15,69,84,28685,36908,65593,155,17,6,178,95523,8092,3469,107084,8385,438,8823,10794534,234561,11029095,2750.48,42318.37,45068.85,1877.87,15.4,0,sáb
13-5-18,19,83,102,28704,36991,65695,175,10,5,190,95698,8102,3474,107274,7476,469,7945,10802010,235030,11037040,2717.57,42774.58,45492.15,1895.51,11.8,0,dom
14-5-18,-55,-50,-105,28649,36941,65590,70,4,3,77,95768,8106,3477,107351,10559,204,10763,10812569,235234,11047803,2907.47,42413.23,45320.7,1888.36,14.9,0,lun
15-5-18,22,83,105,28671,37024,65695,140,12,3,155,95908,8118,3480,107506,9242,298,9540,10821811,235532,11057343,3177.62,42136.41,45314.03,1888.08,15.8,0,mar
16-5-18,-24,25,1,28647,37049,65696,58,11,2,71,95966,8129,3482,107577,12792,194,12986,10834603,235726,11070329,3485.9,42333.35,45819.25,1909.14,18.4,0,mié
17-5-18,-75,19,-56,28572,37068,65640,76,14,10,100,96042,8143,3492,107677,13369,196,13565,10847972,235922,11083894,3670.93,41737.1,45408.03,1892,20,#N/A,jue
18-5-18,-6,16,10,28566,37084,65650,59,7,1,67,96101,8150,3493,107744,11814,190,12004,10859786,236112,11095898,3232.63,42312.03,45544.66,1897.69,18.7,0.7,vie
19-5-18,28,52,80,28594,37136,65730,215,27,5,247,96316,8177,3498,107991,9498,491,9989,10869284,236603,11105887,3020.68,42018.75,45039.43,1876.64,19.5,0.1,sáb
20-5-18,22,70,92,28616,37206,65822,177,15,3,195,96493,8192,3501,108186,8873,508,9381,10878157,237111,11115268,3052.82,41308.4,44361.22,1848.38,17.9,0,dom
21-5-18,-20,29,9,28596,37235,65831,82,8,8,98,96575,8200,3509,108284,11605,292,11897,10889762,237403,11127165,3153.03,41058.18,44211.21,1842.13,19,5.6,lun
22-5-18,-3,-4,-7,28593,37231,65824,49,5,8,62,96624,8205,3517,108346,12127,163,12290,10901889,237566,11139455,3204.12,40635.63,43839.75,1826.66,18.6,0.1,mar
23-5-18,-1,6,5,28592,37237,65829,34,12,1,47,96658,8217,3518,108393,12692,136,12828,10914581,237702,11152283,3384.68,40047.3,43431.98,1809.67,20.8,0.3,mié
24-5-18,-44,-29,-73,28548,37208,65756,48,12,2,62,96706,8229,3520,108455,13149,184,13333,10927730,237886,11165616,3498.37,39483.36,42981.73,1790.91,21.7,28.9,jue
25-5-18,-53,-35,-88,28495,37173,65668,36,8,3,47,96742,8237,3523,108502,7978,94,8072,10935708,237980,11173688,2175.4,40218.7,42394.1,1766.42,15.8,8.9,vie
26-5-18,27,47,74,28522,37220,65742,178,14,2,194,96920,8251,3525,108696,9442,417,9859,10945150,238397,11183547,3111.8,39569.16,42680.96,1778.37,16.9,0,sáb
27-5-18,0,74,74,28522,37294,65816,175,6,4,185,97095,8257,3529,108881,9893,390,10283,10955043,238787,11193830,3395.15,39574.03,42969.18,1790.38,19.3,3.6,dom
28-5-18,-26,-1,-27,28496,37293,65789,37,3,4,44,97132,8260,3533,108925,6334,96,6430,10961377,238883,11200260,1707.98,41944.53,43652.51,1818.85,15.5,13.8,lun
29-5-18,-11,1,-10,28485,37294,65779,33,2,1,36,97165,8262,3534,108961,9451,96,9547,10970828,238979,11209807,2446,41932.83,44378.83,1849.12,16.2,1,mar
30-5-18,-62,-77,-139,28423,37217,65640,46,6,2,54,97211,8268,3536,109015,11388,123,11511,10982216,239102,11221318,2992.55,41744.75,44737.3,1864.05,14.8,0.2,mié
31-5-18,-14,-10,-24,28409,37207,65616,62,12,5,79,97273,8280,3541,109094,13144,174,13318,10995360,239276,11234636,3565.9,41327.11,44893.01,1870.54,17.8,0,jue
1-6-18,-14,22,8,28395,37229,65624,81,24,2,107,97354,8304,3543,109201,13170,213,13383,11008530,239489,11248019,3733.58,40677.45,44411.03,1850.46,18.7,2.3,vie
2-6-18,13,55,68,28408,37284,65692,155,21,5,181,97509,8325,3548,109382,7235,401,7636,11015765,239890,11255655,2418.03,42033.38,44451.41,1852.14,18.2,3.9,sáb
3-6-18,15,66,81,28423,37350,65773,168,8,2,178,97677,8333,3550,109560,9155,392,9547,11024920,240282,11265202,3246.87,41249.85,44496.72,1854.03,17.8,0,dom
4-6-18,-9,15,6,28414,37365,65779,68,5,10,83,97745,8338,3560,109643,12073,201,12274,11036993,240483,11277476,3208.42,41655.45,44863.87,1869.33,16.2,0,lun
5-6-18,-31,14,-17,28383,37379,65762,44,1,5,50,97789,8339,3565,109693,12522,110,12632,11049515,240593,11290108,3220.3,42197.73,45418.03,1892.42,15.9,2.4,mar
6-6-18,-58,-49,-107,28325,37330,65655,24,5,2,31,97813,8344,3567,109724,11128,71,11199,11060643,240664,11301307,2871.65,43067.72,45939.37,1914.14,15,3.5,mié
7-6-18,5,-13,-8,28330,37317,65647,51,28,5,84,97864,8372,3572,109808,13616,202,13818,11074259,240866,11315125,3728.78,42425.7,46154.48,1923.1,17.7,2.8,jue
8-6-18,-12,-17,-29,28318,37300,65618,17,6,2,25,97881,8378,3574,109833,7925,86,8011,11082184,240952,11323136,2172.72,43735.98,45908.7,1912.86,15.4,2.8,vie
9-6-18,-14,98,84,28304,37398,65702,161,14,6,181,98042,8392,3580,110014,8789,394,9183,11090973,241346,11332319,2810.7,42711.18,45521.88,1896.75,16.2,0.5,sáb
10-6-18,9,48,57,28313,37446,65759,118,18,8,144,98160,8410,3588,110158,7918,330,8248,11098891,241676,11340567,2542.3,43230.8,45773.1,1907.21,15.3,0,dom
11-6-18,-13,4,-9,28300,37450,65750,64,11,4,79,98224,8421,3592,110237,11569,175,11744,11110460,241851,11352311,3029.98,42164.25,45194.23,1883.09,16.8,#N/A,lun
12-6-18,-5,13,8,28295,37463,65758,56,7,4,67,98280,8428,3596,110304,12879,162,13041,11123339,242013,11365352,3456.18,41260.96,44717.14,1863.21,18.6,0,mar
13-6-18,-83,-58,-141,28212,37405,65617,65,6,10,81,98345,8434,3606,110385,13546,188,13734,11136885,242201,11379086,3578.3,41396.05,44974.35,1873.93,19.6,0,mié
14-6-18,-5,3,-2,28207,37408,65615,48,5,6,59,98393,8439,3612,110444,13361,172,13533,11150246,242373,11392619,3531.1,41604.27,45135.37,1880.64,19.8,0,jue
15-6-18,-13,5,-8,28194,37413,65607,80,11,3,94,98473,8450,3615,110538,13162,204,13366,11163408,242577,11405985,3543.65,41946.53,45490.18,1895.42,23,0,vie
16-6-18,25,43,68,28219,37456,65675,146,12,1,159,98619,8462,3616,110697,9464,331,9795,11172872,242908,11415780,2933.23,42683.27,45616.5,1900.69,24.6,0,sáb
17-6-18,29,75,104,28248,37531,65779,143,14,4,161,98762,8476,3620,110858,8600,367,8967,11181472,243275,11424747,2878.9,42580.15,45459.05,1894.13,25.1,0,dom
18-6-18,-11,-7,-18,28237,37524,65761,53,15,2,70,98815,8491,3622,110928,12577,192,12769,11194049,243467,11437516,3365.47,42346.58,45712.05,1904.67,24.8,0,lun
19-6-18,-26,31,5,28211,37555,65766,26,9,5,40,98841,8500,3627,110968,13814,145,13959,11207863,243612,11451475,3634.93,42215.25,45850.18,1910.42,24.9,0,mar
20-6-18,-65,-40,-105,28146,37515,65661,50,6,3,59,98891,8506,3630,111027,14345,164,14509,11222208,243776,11465984,3779.17,41641.45,45420.62,1892.53,26.6,0,mié
21-6-18,-15,4,-11,28131,37519,65650,58,6,9,73,98949,8512,3639,111100,14468,173,14641,11236676,243949,11480625,3814.2,41150.73,44964.93,1873.54,26.9,0,jue
22-6-18,-10,-8,-18,28121,37511,65632,74,12,9,95,99023,8524,3648,111195,13590,227,13817,11250266,244176,11494442,3720.03,40908.3,44628.33,1859.51,27.7,0,vie
23-6-18,19,32,51,28140,37543,65683,132,23,8,163,99155,8547,3656,111358,9211,429,9640,11259477,244605,11504082,2850.87,41946.42,44797.29,1866.55,28.5,0,sáb
24-6-18,12,67,79,28152,37610,65762,131,13,2,146,99286,8560,3658,111504,8522,323,8845,11267999,244928,11512927,2660.88,42409.52,45070.4,1877.93,29.3,0,dom
25-6-18,-1,-7,-8,28151,37603,65754,65,8,5,78,99351,8568,3663,111582,13282,216,13498,11281281,245144,11526425,3508.97,40953.66,44462.63,1852.61,29.6,0,lun
26-6-18,-3,12,9,28148,37615,65763,58,11,7,76,99409,8579,3670,111658,13806,173,13979,11295087,245317,11540404,3699.23,40161.58,43860.81,1827.53,29,0,mar
27-6-18,-60,-36,-96,28088,37579,65667,53,10,6,69,99462,8589,3676,111727,14537,204,14741,11309624,245521,11555145,3949.78,39779.45,43729.23,1822.05,26.9,0,mié
28-6-18,-7,14,7,28081,37593,65674,58,12,2,72,99520,8601,3678,111799,14560,206,14766,11324184,245727,11569911,3947.52,39409.35,43356.87,1806.54,26,0.1,jue
29-6-18,-11,13,2,28070,37606,65676,92,12,1,105,99612,8613,3679,111904,13491,257,13748,11337675,245984,11583659,3707.28,38866.85,42574.13,1773.92,26,0,vie
30-6-18,22,61,83,28092,37667,65759,124,10,2,136,99736,8623,3681,112040,9171,298,9469,11346846,246282,11593128,2772.5,39855.23,42627.73,1776.16,24.4,0.7,sáb
1-7-18,19,43,62,28111,37710,65821,108,10,4,122,99844,8633,3685,112162,8537,297,8834,11355383,246579,11601962,2920.65,40848.35,43769,1823.71,23.3,0,dom
2-7-18,-14,31,17,28097,37741,65838,54,6,6,66,99898,8639,3691,112228,12801,150,12951,11368184,246729,11614913,3585.42,40693.15,44278.57,1844.94,22,0,lun
3-7-18,-26,38,12,28071,37779,65850,65,2,8,75,99963,8641,3699,112303,13934,141,14075,11382118,246870,11628988,3890.3,40279.5,44169.8,1840.41,23.4,0,mar
4-7-18,-46,-52,-98,28025,37727,65752,61,14,6,81,100024,8655,3705,112384,13864,162,14026,11395982,247032,11643014,4008.98,39591.75,43600.73,1816.7,23,0,mié
5-7-18,-1,22,21,28024,37749,65773,75,3,1,79,100099,8658,3706,112463,13755,154,13909,11409737,247186,11656923,4065.55,39321.9,43387.45,1807.81,22.5,0,jue
6-7-18,-26,14,-12,27998,37763,65761,70,13,4,87,100169,8671,3710,112550,12452,189,12641,11422189,247375,11669564,3614.67,39456.01,43070.68,1794.61,25.1,0,vie
7-7-18,24,43,67,28022,37806,65828,107,27,4,138,100276,8698,3714,112688,8316,303,8619,11430505,247678,11678183,2785.48,39052.65,41838.13,1743.26,27.5,0,sáb
8-7-18,23,58,81,28045,37864,65909,152,8,3,163,100428,8706,3717,112851,7676,348,8024,11438181,248026,11686207,2862.63,37411.45,40274.08,1678.09,28.2,0,dom
9-7-18,-5,0,-5,28040,37864,65904,83,3,7,93,100511,8709,3724,112944,12414,257,12671,11450595,248283,11698878,3580.77,38026.6,41607.37,1733.64,28.2,0,lun
10-7-18,-12,28,16,28028,37892,65920,58,9,3,70,100569,8718,3727,113014,13472,188,13660,11464067,248471,11712538,3654.3,39067.95,42722.25,1780.09,28.4,0,mar
11-7-18,-82,-78,-160,27946,37814,65760,74,6,1,81,100643,8724,3728,113095,13513,195,13708,11477580,248666,11726246,3867.52,39265.36,43132.88,1797.2,27.3,0,mié
12-7-18,-9,-7,-16,27937,37807,65744,76,11,7,94,100719,8735,3735,113189,13578,193,13771,11491158,248859,11740017,3866.5,39261.7,43128.2,1797.01,26.8,0,jue
13-7-18,-17,7,-10,27920,37814,65734,93,31,5,129,100812,8766,3740,113318,12270,265,12535,11503428,249124,11752552,3480.2,40491.2,43971.4,1832.14,27.6,0,vie
14-7-18,16,34,50,27936,37848,65784,110,20,6,136,100922,8786,3746,113454,8015,364,8379,11511443,249488,11760931,2612.52,41222.05,43834.57,1826.44,26.8,0,sáb
15-7-18,9,25,34,27945,37873,65818,130,11,4,145,101052,8797,3750,113599,7664,366,8030,11519107,249854,11768961,2573.72,42329.18,44902.9,1870.95,24.3,0,dom
16-7-18,-11,13,2,27934,37886,65820,70,7,2,79,101122,8804,3752,113678,11787,176,11963,11530894,250030,11780924,3223.85,41024.2,44248.05,1843.67,23.7,0,lun
17-7-18,-16,28,12,27918,37914,65832,55,12,9,76,101177,8816,3761,113754,12966,214,13180,11543860,250244,11794104,3594.7,40586.1,44180.8,1840.87,26.4,0,mar
18-7-18,-68,-66,-134,27850,37848,65698,74,14,0,88,101251,8830,3761,113842,13516,224,13740,11557376,250468,11807844,3857.57,40424.78,44282.35,1845.1,27.1,0,mié
19-7-18,-103,-73,-176,27747,37775,65522,72,8,6,86,101323,8838,3767,113928,13442,184,13626,11570818,250652,11821470,3740.98,40664.45,44405.43,1850.23,26.2,0,jue
20-7-18,-18,-20,-38,27729,37755,65484,74,13,1,88,101397,8851,3768,114016,12069,192,12261,11582887,250844,11833731,3434.42,40546.4,43980.82,1832.53,25.4,0,vie
21-7-18,18,27,45,27747,37782,65529,125,18,8,151,101522,8869,3776,114167,7807,338,8145,11590694,251182,11841876,2604.48,41276.81,43881.29,1828.39,24,0,sáb
22-7-18,4,40,44,27751,37822,65573,174,10,7,191,101696,8879,3783,114358,7009,440,7449,11597703,251622,11849325,2505.52,41487.78,43993.3,1833.05,24.9,0,dom
23-7-18,-40,0,-40,27711,37822,65533,77,15,4,96,101773,8894,3787,114454,11607,238,11845,11609310,251860,11861170,3165.9,41401,44566.9,1856.95,27.6,0,lun
24-7-18,-10,-7,-17,27701,37815,65516,74,14,6,94,101847,8908,3793,114548,12377,197,12574,11621687,252057,11873744,3398.53,40999.82,44398.35,1849.93,26.4,0,mar
25-7-18,-78,-57,-135,27623,37758,65381,43,8,2,53,101890,8916,3795,114601,12501,173,12674,11634188,252230,11886418,3390.12,40754.05,44144.17,1839.34,27.2,0,mié
26-7-18,-29,2,-27,27594,37760,65354,45,12,3,60,101935,8928,3798,114661,12465,190,12655,11646653,252420,11899073,3422.32,40201.18,43623.5,1817.65,27.2,0,jue
27-7-18,-19,3,-16,27575,37763,65338,77,9,8,94,102012,8937,3806,114755,11318,248,11566,11657971,252668,11910639,3337.07,39998.28,43335.35,1805.64,26.8,0,vie
28-7-18,11,61,72,27586,37824,65410,131,17,6,154,102143,8954,3812,114909,7855,371,8226,11665826,253039,11918865,2606.7,41105.4,43712.1,1821.34,25.9,0,sáb
29-7-18,25,76,101,27611,37900,65511,157,9,4,170,102300,8963,3816,115079,7627,379,8006,11673453,253418,11926871,2665.18,40898.51,43563.69,1815.15,26.2,0,dom
30-7-18,-19,37,18,27592,37937,65529,90,1,0,91,102390,8964,3816,115170,11655,217,11872,11685108,253635,11938743,3209.73,41190.03,44399.76,1849.99,26.8,0,lun
31-7-18,-13,24,11,27579,37961,65540,84,15,7,106,102474,8979,3823,115276,12410,287,12697,11697518,253922,11951440,3538.7,40380.78,43919.48,1829.98,28.2,0,mar
1-8-18,24,65,89,27603,38026,65629,87,10,1,98,102561,8989,3824,115374,12219,272,12491,11709737,254194,11963931,3498.62,40793.32,44291.94,1845.5,30.2,0,mié
2-8-18,-75,45,-30,27528,38071,65599,52,6,4,62,102613,8995,3828,115436,11526,202,11728,11721263,254396,11975659,3253.73,41759.98,45013.71,1875.57,31.6,0,jue
3-8-18,-36,-126,-162,27492,37945,65437,41,10,3,54,102654,9005,3831,115490,10073,131,10204,11731336,254527,11985863,2764.93,42571.32,45336.25,1889.01,32.9,0,vie
4-8-18,18,24,42,27510,37969,65479,104,17,1,122,102758,9022,3832,115612,6486,277,6763,11737822,254804,11992626,2150.35,43114.5,45264.85,1886.04,31,0,sáb
5-8-18,22,55,77,27532,38024,65556,99,11,6,116,102857,9033,3838,115728,6272,322,6594,11744094,255126,11999220,2158.4,43231.18,45389.58,1891.23,31,0,dom
6-8-18,-17,20,3,27515,38044,65559,50,1,5,56,102907,9034,3843,115784,9057,208,9265,11753151,255334,12008485,2539.47,43278.71,45818.18,1909.09,30.6,0,lun
7-8-18,-2,0,-2,27513,38044,65557,65,3,2,70,102972,9037,3845,115854,10022,133,10155,11763173,255467,12018640,2779.25,42680.6,45459.85,1894.16,30.7,0,mar
8-8-18,-66,-41,-107,27447,38003,65450,92,8,3,103,103064,9045,3848,115957,10016,242,10258,11773189,255709,12028898,2910.87,42488.76,45399.63,1891.65,27.9,0,mié
9-8-18,0,5,5,27447,38008,65455,92,10,5,107,103156,9055,3853,116064,10077,245,10322,11783266,255954,12039220,2944.6,42799.92,45744.52,1906.02,25.4,0,jue
10-8-18,-31,10,-21,27416,38018,65434,101,8,5,114,103257,9063,3858,116178,8756,252,9008,11792022,256206,12048228,2506.52,43455.83,45962.35,1915.1,24.4,0,vie
11-8-18,9,51,60,27425,38069,65494,104,12,5,121,103361,9075,3863,116299,6099,380,6479,11798121,256586,12054707,2181.78,44533.3,46715.08,1946.46,27.9,0,sáb
12-8-18,13,50,63,27438,38119,65557,130,7,7,144,103491,9082,3870,116443,5868,398,6266,11803989,256984,12060973,2129.62,44228.22,46357.84,1931.58,29.2,0,dom
13-8-18,-28,-10,-38,27410,38109,65519,89,15,3,107,103580,9097,3873,116550,8280,281,8561,11812269,257265,12069534,2552.78,44386.06,46938.84,1955.79,27.5,0,lun
14-8-18,-23,33,10,27387,38142,65529,83,18,5,106,103663,9115,3878,116656,8894,268,9162,11821163,257533,12078696,2743.13,44328.48,47071.61,1961.32,26.3,0,mar
15-8-18,14,51,65,27401,38193,65594,117,2,6,125,103780,9117,3884,116781,6763,308,7071,11827926,257841,12085767,2360.8,44481.79,46842.59,1951.77,26.7,0,mié
16-8-18,-52,-72,-124,27349,38121,65470,76,4,4,84,103856,9121,3888,116865,8753,230,8983,11836679,258071,12094750,2526.32,43944.53,46470.85,1936.29,27.5,0,jue
17-8-18,-19,-7,-26,27330,38114,65444,70,19,2,91,103926,9140,3890,116956,7982,194,8176,11844661,258265,12102926,2294.57,45415.07,47709.64,1987.9,26.1,0,vie
18-8-18,20,43,63,27350,38157,65507,114,10,2,126,104040,9150,3892,117082,5854,263,6117,11850515,258528,12109043,2047.77,46476.28,48524.05,2021.84,23.6,0,sáb
19-8-18,14,39,53,27364,38196,65560,169,14,1,184,104209,9164,3893,117266,5885,430,6315,11856400,258958,12115358,2221.38,46327.05,48548.43,2022.85,25.8,0,dom
20-8-18,7,31,38,27371,38227,65598,67,9,2,78,104276,9173,3895,117344,9293,237,9530,11865693,259195,12124888,2608.32,45698.56,48306.88,2012.79,26.6,0,lun
21-8-18,9,19,28,27380,38246,65626,91,7,3,101,104367,9180,3898,117445,9915,213,10128,11875608,259408,12135016,2696.23,44860.11,47556.34,1981.51,27.7,0,mar
22-8-18,2,59,61,27382,38305,65687,72,5,3,80,104439,9185,3901,117525,10570,151,10721,11886178,259559,12145737,2884.38,44093.55,46977.93,1957.41,27.4,0,mié
23-8-18,-17,27,10,27365,38332,65697,60,8,5,73,104499,9193,3906,117598,10814,178,10992,11896992,259737,12156729,3031.1,43426.8,46457.9,1935.75,27,0,jue
24-8-18,-41,-29,-70,27324,38303,65627,74,12,5,91,104573,9205,3911,117689,10008,231,10239,11907000,259968,12166968,2931.65,42957.43,45889.08,1912.05,26.8,0,vie
25-8-18,10,66,76,27334,38369,65703,123,8,9,140,104696,9213,3920,117829,7163,351,7514,11914163,260319,12174482,2532.65,43656.43,46189.08,1924.55,25.8,0,sáb
26-8-18,22,81,103,27356,38450,65806,145,9,6,160,104841,9222,3926,117989,6969,375,7344,11921132,260694,12181826,2442.55,43142,45584.55,1899.36,24.4,0,dom
27-8-18,16,60,76,27372,38510,65882,65,11,3,79,104906,9233,3929,118068,11098,253,11351,11932230,260947,12193177,3048.02,42209.11,45257.13,1885.71,27.8,0,lun
28-8-18,-48,-53,-101,27324,38457,65781,77,13,2,92,104983,9246,3931,118160,12003,278,12281,11944233,261225,12205458,3331.57,41448.58,44780.15,1865.84,28,0,mar
29-8-18,-51,-17,-68,27273,38440,65713,63,4,2,69,105046,9250,3933,118229,12578,255,12833,11956811,261480,12218291,3423.32,41222.4,44645.72,1860.24,25.8,0,mié
30-8-18,9,29,38,27282,38469,65751,76,14,4,94,105122,9264,3937,118323,12835,245,13080,11969646,261725,12231371,3500.82,41524.02,45024.84,1876.04,26.4,0,jue
31-8-18,-9,27,18,27273,38496,65769,58,16,4,78,105180,9280,3941,118401,12490,164,12654,11982136,261889,12244025,3428.13,41531.66,44959.79,1873.32,27.3,0,vie
1-9-18,26,94,120,27299,38590,65889,130,6,6,142,105310,9286,3947,118543,9428,286,9714,11991564,262175,12253739,3127.73,42027.43,45155.16,1881.47,27.3,0,sáb
2-9-18,38,83,121,27337,38673,66010,131,11,3,145,105441,9297,3950,118688,8969,357,9326,12000533,262532,12263065,3143.27,41915.65,45058.92,1877.46,27.5,1.2,dom
3-9-18,-13,65,52,27324,38738,66062,59,2,7,68,105500,9299,3957,118756,13417,181,13598,12013950,262713,12276663,3824.92,40862.4,44687.32,1861.97,26.8,0,lun
4-9-18,-4,100,96,27320,38838,66158,61,12,4,77,105561,9311,3961,118833,14742,183,14925,12028692,262896,12291588,4282.53,39857.43,44139.96,1839.17,24.4,0,mar
5-9-18,-61,7,-54,27259,38845,66104,56,13,3,72,105617,9324,3964,118905,14994,151,15145,12043686,263047,12306733,4448.32,40252.77,44701.09,1862.55,23,0,mié
6-9-18,7,41,48,27266,38886,66152,47,7,5,59,105664,9331,3969,118964,15331,147,15478,12059017,263194,12322211,4578.3,40561.48,45139.78,1880.82,22.6,0,jue
7-9-18,-25,22,-3,27241,38908,66149,75,11,1,87,105739,9342,3970,119051,13466,175,13641,12072483,263369,12335852,3962.6,40854.98,44817.58,1867.4,22.2,5.1,vie
8-9-18,19,26,45,27260,38934,66194,71,12,6,89,105810,9354,3976,119140,8424,194,8618,12080907,263563,12344470,2705.82,42670.78,45376.6,1890.69,20.2,1.8,sáb
9-9-18,30,91,121,27290,39025,66315,222,11,7,240,106032,9365,3983,119380,9783,520,10303,12090690,264083,12354773,3421.55,41641.91,45063.46,1877.64,21,0,dom
10-9-18,1,43,44,27291,39068,66359,83,4,7,94,106115,9369,3990,119474,14447,218,14665,12105137,264301,12369438,4181.28,40994.43,45175.71,1882.32,22.8,0,lun
11-9-18,-23,68,45,27268,39136,66404,48,9,8,65,106163,9378,3998,119539,15521,160,15681,12120658,264461,12385119,4445.62,40431.97,44877.59,1869.9,23,0,mar
12-9-18,-92,-55,-147,27176,39081,66257,55,6,8,69,106218,9384,4006,119608,16127,149,16276,12136785,264610,12401395,4590.67,41013.11,45603.78,1900.16,23.2,0,mié
13-9-18,-28,37,9,27148,39118,66266,55,12,1,68,106273,9396,4007,119676,16189,196,16385,12152974,264806,12417780,4622.45,40864.73,45487.18,1895.3,25.4,0,jue
14-9-18,-17,35,18,27131,39153,66284,93,16,2,111,106366,9412,4009,119787,15738,257,15995,12168712,265063,12433775,4652.63,39803.41,44456.04,1852.34,25.5,0,vie
15-9-18,16,103,119,27147,39256,66403,187,18,6,211,106553,9430,4015,119998,11122,403,11525,12179834,265466,12445300,3868.3,39998.05,43866.35,1827.76,25.1,0,sáb
16-9-18,23,90,113,27170,39346,66516,173,8,3,184,106726,9438,4018,120182,10693,449,11142,12190527,265915,12456442,3894.07,40037.48,43931.55,1830.48,24.1,0,dom
17-9-18,-29,20,-9,27141,39366,66507,57,3,14,74,106783,9441,4032,120256,14316,208,14524,12204843,266123,12470966,4000.57,40896.9,44897.47,1870.73,24.7,1.2,lun
18-9-18,-7,24,17,27134,39390,66524,24,7,1,32,106807,9448,4033,120288,15149,120,15269,12219992,266243,12486235,4167.92,40353.13,44521.05,1855.04,23.4,0,mar
19-9-18,-43,82,39,27091,39472,66563,34,9,6,49,106841,9457,4039,120337,16313,140,16453,12236305,266383,12502688,4659.72,39718.35,44378.07,1849.09,24.2,0,mié
20-9-18,-66,-93,-159,27025,39379,66404,60,2,2,64,106901,9459,4041,120401,16529,203,16732,12252834,266586,12519420,4791.25,39859.9,44651.15,1860.46,25.7,0,jue
21-9-18,-17,39,22,27008,39418,66426,86,15,3,104,106987,9474,4044,120505,15600,205,15805,12268434,266791,12535225,4656.5,39653.75,44310.25,1846.26,25.1,0,vie
22-9-18,7,133,140,27015,39551,66566,175,17,3,195,107162,9491,4047,120700,11423,399,11822,12279857,267190,12547047,3985.75,39989.17,43974.92,1832.29,26.2,0,sáb
23-9-18,20,115,135,27035,39666,66701,191,11,2,204,107353,9502,4049,120904,11100,441,11541,12290957,267631,12558588,4006.9,39619.05,43625.95,1817.75,27.2,0,dom
24-9-18,-10,72,62,27025,39738,66763,66,6,7,79,107419,9508,4056,120983,14572,201,14773,12305529,267832,12573361,4116.73,39719.55,43836.28,1826.51,26,0,lun
25-9-18,-13,-36,-49,27012,39702,66714,43,6,1,50,107462,9514,4057,121033,15671,161,15832,12321200,267993,12589193,4391.57,38967.73,43359.3,1806.64,23.2,0,mar
26-9-18,-95,-36,-131,26917,39666,66583,54,2,8,64,107516,9516,4065,121097,15131,145,15276,12336331,268138,12604469,4249.08,39981.95,44231.03,1842.96,22.5,0.5,mié
27-9-18,-2,41,39,26915,39707,66622,66,4,4,74,107582,9520,4069,121171,16024,167,16191,12352355,268305,12620660,4639.53,39537.5,44177.03,1840.71,21,0,jue
28-9-18,-26,29,3,26889,39736,66625,74,17,8,99,107656,9537,4077,121270,15531,192,15723,12367886,268497,12636383,4602.2,40229.85,44832.05,1868,21.9,0,vie
29-9-18,24,109,133,26913,39845,66758,167,18,3,188,107823,9555,4080,121458,11742,401,12143,12379628,268898,12648526,3989.97,40822.97,44812.94,1867.21,22.4,0,sáb
30-9-18,26,140,166,26939,39985,66924,186,9,7,202,108009,9564,4087,121660,10948,415,11363,12390576,269313,12659889,4051.97,40589.86,44641.83,1860.08,23,0,dom
1-10-18,-30,38,8,26909,40023,66932,82,11,7,100,108091,9575,4094,121760,14116,284,14400,12404692,269597,12674289,4203.6,40255.66,44459.26,1852.47,19.8,0,lun
2-10-18,-20,10,-10,26889,40033,66922,54,4,5,63,108145,9579,4099,121823,14888,135,15023,12419580,269732,12689312,4200.15,40146.7,44346.85,1847.79,17.3,0,mar
3-10-18,-101,-59,-160,26788,39974,66762,54,9,2,65,108199,9588,4101,121888,15777,143,15920,12435357,269875,12705232,4469.27,39389.47,43858.74,1827.45,20.5,0,mié
4-10-18,-37,41,4,26751,40015,66766,53,15,2,70,108252,9603,4103,121958,15600,148,15748,12450957,270023,12720980,4469.6,37752.52,42222.12,1759.26,20.2,0,jue
5-10-18,-24,6,-18,26727,40021,66748,59,13,0,72,108311,9616,4103,122030,15106,192,15298,12466063,270215,12736278,4472.75,37198.99,41671.74,1736.32,20.4,0,vie
6-10-18,13,106,119,26740,40127,66867,156,9,9,174,108467,9625,4112,122204,11792,368,12160,12477855,270583,12748438,3956.67,37825.55,41782.22,1740.93,20.4,0,sáb
7-10-18,23,86,109,26763,40213,66976,145,9,5,159,108612,9634,4117,122363,9864,348,10212,12487719,270931,12758650,3388.52,39094.2,42482.72,1770.11,15.4,0,dom
8-10-18,-40,3,-37,26723,40216,66939,38,5,3,46,108650,9639,4120,122409,13326,119,13445,12501045,271050,12772095,3365.23,39479.44,42844.67,1785.19,13.8,0,lun
9-10-18,10,-57,-47,26733,40159,66892,33,2,0,35,108683,9641,4120,122444,11608,85,11693,12512653,271135,12783788,3248.6,39688.55,42937.15,1789.05,15.1,8.9,mar
10-10-18,-106,-92,-198,26627,40067,66694,16,0,2,18,108699,9641,4122,122462,12457,47,12504,12525110,271182,12796292,3382.98,40134.04,43517.02,1813.21,14.6,2.7,mié
11-10-18,-39,-22,-61,26588,40045,66633,15,5,0,20,108714,9646,4122,122482,11746,57,11803,12536856,271239,12808095,3306.02,40536.9,43842.92,1826.79,17.2,2.9,jue
12-10-18,10,61,71,26598,40106,66704,95,11,3,109,108809,9657,4125,122591,7850,191,8041,12544706,271430,12816136,2781.78,41229.78,44011.56,1833.82,18.3,0.3,vie
13-10-18,20,68,88,26618,40174,66792,171,13,4,188,108980,9670,4129,122779,8993,393,9386,12553699,271823,12825522,3095.65,41295.86,44391.51,1849.65,19.6,2.6,sáb
14-10-18,8,43,51,26626,40217,66843,64,5,3,72,109044,9675,4132,122851,6887,199,7086,12560586,272022,12832608,2197.62,42596.98,44794.6,1866.44,14.8,0,dom
15-10-18,-32,-19,-51,26594,40198,66792,23,1,1,25,109067,9676,4133,122876,10699,63,10762,12571285,272085,12843370,2819.52,42861.71,45681.23,1903.38,12.3,0.1,lun
16-10-18,-5,39,34,26589,40237,66826,27,3,4,34,109094,9679,4137,122910,13630,80,13710,12584915,272165,12857080,3745.93,42223.21,45969.14,1915.38,15.4,0,mar
17-10-18,-52,-37,-89,26537,40200,66737,32,5,5,42,109126,9684,4142,122952,14430,98,14528,12599345,272263,12871608,4015.68,41596.98,45612.66,1900.53,16.5,0,mié
18-10-18,-87,-93,-180,26450,40107,66557,23,11,3,37,109149,9695,4145,122989,12791,102,12893,12612136,272365,12884501,3463.2,41660.9,45124.1,1880.17,17.2,8.8,jue
19-10-18,-38,-7,-45,26412,40100,66512,23,5,5,33,109172,9700,4150,123022,7216,68,7284,12619352,272433,12891785,2101.18,43091.8,45192.98,1883.04,14.8,5.9,vie
20-10-18,16,27,43,26428,40127,66555,79,15,2,96,109251,9715,4152,123118,8357,248,8605,12627709,272681,12900390,2722.05,42541.1,45263.15,1885.96,17.2,3.3,sáb
21-10-18,29,43,72,26457,40170,66627,97,5,10,112,109348,9720,4162,123230,8955,242,9197,12636664,272923,12909587,2944.18,41898.39,44842.57,1868.44,17.8,0.2,dom
22-10-18,-24,-9,-33,26433,40161,66594,42,6,4,52,109390,9726,4166,123282,13226,127,13353,12649890,273050,12922940,3657.58,41896.52,45554.1,1898.09,17,0,lun
23-10-18,-12,-29,-41,26421,40132,66553,35,8,6,49,109425,9734,4172,123331,14081,136,14217,12663971,273186,12937157,3922.8,41697.95,45620.75,1900.86,16.8,0,mar
24-10-18,-111,-121,-232,26310,40011,66321,28,5,1,34,109453,9739,4173,123365,14240,102,14342,12678211,273288,12951499,4014.43,41802.11,45816.54,1909.02,16.2,0,mié
25-10-18,-31,19,-12,26279,40030,66309,58,10,2,70,109511,9749,4175,123435,14618,150,14768,12692829,273438,12966267,4087.58,41923.37,46010.95,1917.12,16.6,0,jue
26-10-18,-13,2,-11,26266,40032,66298,39,9,1,49,109550,9758,4176,123484,11387,126,11513,12704216,273564,12977780,3318.45,42559.87,45878.32,1911.6,14.2,1.5,vie
27-10-18,11,12,23,26277,40044,66321,36,4,2,42,109586,9762,4178,123526,6619,81,6700,12710835,273645,12984480,2127,44008.02,46135.02,1922.29,8.8,4.2,sáb
28-10-18,10,15,25,26287,40059,66346,55,7,2,64,109641,9769,4180,123590,6796,161,6957,12717631,273806,12991437,2404.93,45829.15,48234.08,1929.36,7,0,dom
29-10-18,-4,-27,-31,26283,40032,66315,24,1,0,25,109665,9770,4180,123615,10216,64,10280,12727847,273870,13001717,2877.68,43805.59,46683.27,1945.14,7,0.7,lun
30-10-18,-21,-40,-61,26262,39992,66254,3,0,0,3,109668,9770,4180,123618,5125,8,5133,12732972,273878,13006850,1591.15,45759.65,47350.8,1972.95,7.5,15.1,mar
31-10-18,-55,-108,-163,26207,39884,66091,18,0,0,18,109686,9770,4180,123636,10451,40,10491,12743423,273918,13017341,2896.4,44652.47,47548.87,1981.2,8.9,0.1,mié
1-11-18,3,47,50,26210,39931,66141,114,14,8,136,109800,9784,4188,123772,7812,225,8037,12751235,274143,13025378,2787.17,44180.77,46967.94,1957,9.2,0,jue
2-11-18,-11,-13,-24,26199,39918,66117,106,19,1,126,109906,9803,4189,123898,9846,253,10099,12761081,274396,13035477,3108.23,44846.19,47954.42,1998.1,13.6,0,vie
3-11-18,5,23,28,26204,39941,66145,101,6,1,108,110007,9809,4190,124006,8019,252,8271,12769100,274648,13043748,2718.18,45440.17,48158.35,2006.6,10.6,0,sáb
4-11-18,24,24,48,26228,39965,66193,93,5,2,100,110100,9814,4192,124106,7271,247,7518,12776371,274895,13051266,2538.98,45794.36,48333.34,2013.89,10,17,dom
5-11-18,-41,-11,-52,26187,39954,66141,7,3,1,11,110107,9817,4193,124117,6401,33,6434,12782772,274928,13057700,1852.98,46337.77,48190.75,2007.95,8.2,2.7,lun
6-11-18,-5,-18,-23,26182,39936,66118,20,2,2,24,110127,9819,4195,124141,10699,79,10778,12793471,275007,13068478,3042.22,44919.12,47961.34,1998.39,8.9,0.7,mar
7-11-18,-25,-15,-40,26157,39921,66078,7,2,1,10,110134,9821,4196,124151,7897,27,7924,12801368,275034,13076402,2267.33,45247.15,47514.48,1979.77,10.6,4.5,mié
8-11-18,-55,-83,-138,26102,39838,65940,7,2,1,10,110141,9823,4197,124161,8733,24,8757,12810101,275058,13085159,2371.32,44899.47,47270.79,1969.62,9.8,7.6,jue
9-11-18,15,38,53,26117,39876,65993,50,11,0,61,110191,9834,4197,124222,6992,109,7101,12817093,275167,13092260,2369.87,44890.18,47260.05,1969.17,9,0,vie
10-11-18,56,-57,-1,26173,39819,65992,51,6,0,57,110242,9840,4197,124279,6285,109,6394,12823378,275276,13098654,2069.42,45314.98,47384.4,1974.35,11.6,1.1,sáb
11-11-18,19,14,33,26192,39833,66025,94,1,0,95,110336,9841,4197,124374,6781,189,6970,12830159,275465,13105624,2470.67,44986.01,47456.68,1977.36,14.2,0,dom
12-11-18,21,-36,-15,26213,39797,66010,7,2,0,9,110343,9843,4197,124383,9717,20,9737,12839876,275485,13115361,2594.78,45146.49,47741.27,1989.22,12.2,1.6,lun
13-11-18,-7,-19,-26,26206,39778,65984,39,3,4,46,110382,9846,4201,124429,12299,82,12381,12852175,275567,13127742,3363.9,44629.29,47993.19,1999.72,13,0,mar
14-11-18,-47,-72,-119,26159,39706,65865,28,5,1,34,110410,9851,4202,124463,12163,71,12234,12864338,275638,13139976,3399.77,44764.58,48164.35,2006.85,13,0,mié
15-11-18,-45,-70,-115,26114,39636,65750,22,3,2,27,110432,9854,4204,124490,11935,48,11983,12876273,275686,13151959,3346.53,44640.79,47987.32,1999.47,14.2,0.9,jue
16-11-18,1,10,11,26115,39646,65761,36,12,3,51,110468,9866,4207,124541,11105,97,11202,12887378,275783,13163161,3132.35,44011.87,47144.22,1964.34,14,1.7,vie
17-11-18,12,53,65,26127,39699,65826,123,14,4,141,110591,9880,4211,124682,9448,311,9759,12896826,276094,13172920,3248.23,42890.49,46138.72,1922.45,13.8,0,sáb
18-11-18,6,20,26,26133,39719,65852,54,1,0,55,110645,9881,4211,124737,5322,103,5425,12902148,276197,13178345,1956.08,44008.84,45964.92,1915.21,11.5,11.8,dom
19-11-18,6,-13,-7,26139,39706,65845,18,0,2,20,110663,9881,4213,124757,9875,68,9943,12912023,276265,13188288,2786.72,44261.96,47048.68,1960.36,11.2,2.5,lun
20-11-18,-23,-23,-46,26116,39683,65799,10,3,1,14,110673,9884,4214,124771,9104,27,9131,12921127,276292,13197419,2455,44516.34,46971.34,1957.14,10,2.9,mar
21-11-18,-86,11,-75,26030,39694,65724,17,0,0,17,110690,9884,4214,124788,10042,29,10071,12931169,276321,13207490,2808.38,44850.92,47659.3,1985.8,9.2,1.5,mié
22-11-18,-12,-87,-99,26018,39607,65625,8,6,1,15,110698,9890,4215,124803,11236,20,11256,12942405,276341,13218746,2958.9,45291.13,48250.03,2010.42,8.9,3.7,jue
23-11-18,-3,2,-1,26015,39609,65624,31,11,0,42,110729,9901,4215,124845,10833,79,10912,12953238,276420,13229658,3112.53,45042.68,48155.21,2006.47,8,0,vie
24-11-18,14,-4,10,26029,39605,65634,77,5,0,82,110806,9906,4215,124927,7634,168,7802,12960872,276588,13237460,2473.5,44797.73,47271.23,1969.63,6.1,2,sáb
25-11-18,4,40,44,26033,39645,65678,49,3,1,53,110855,9909,4216,124980,6042,131,6173,12966914,276719,13243633,2150.57,44607.6,46758.17,1948.26,10.3,4.9,dom
26-11-18,-1,-8,-9,26032,39637,65669,15,5,3,23,110870,9914,4219,125003,9876,61,9937,12976790,276780,13253570,2800.27,45236.82,48037.09,2001.55,9.5,0,lun
27-11-18,-10,-20,-30,26022,39617,65639,13,1,2,16,110883,9915,4221,125019,10954,41,10995,12987744,276821,13264565,2973.12,45698.88,48672,2028,8.1,0,mar
28-11-18,-34,-50,-84,25988,39567,65555,8,2,2,12,110891,9917,4223,125031,10987,31,11018,12998731,276852,13275583,2999.8,45455.74,48455.54,2018.98,7.2,0,mié
29-11-18,-2,-5,-7,25986,39562,65548,16,5,0,21,110907,9922,4223,125052,10564,40,10604,13009295,276892,13286187,3198.07,45473.93,48672,2028,7.4,3.3,jue
30-11-18,9,2,11,25995,39564,65559,29,5,2,36,110936,9927,4225,125088,10879,59,10938,13020174,276951,13297125,3336.7,45335.3,48672,2028,7.8,0,vie
1-12-18,9,41,50,26004,39605,65609,95,8,0,103,111031,9935,4225,125191,8488,184,8672,13028662,277135,13305797,2944.15,45727.85,48672,2028,7,0,sáb
2-12-18,20,39,59,26024,39644,65668,44,2,1,47,111075,9937,4226,125238,6940,107,7047,13035602,277242,13312844,2430.5,46241.5,48672,2028,6.6,0,dom
3-12-18,-15,-7,-22,26009,39637,65646,10,0,3,13,111085,9937,4229,125251,9440,41,9481,13045042,277283,13322325,2609.87,46062.13,48672,2028,7.2,0,lun
4-12-18,3,15,18,26012,39652,65664,18,0,2,20,111103,9937,4231,125271,11224,44,11268,13056266,277327,13333593,3221,45451,48672,2028,9.7,0,mar
5-12-18,-23,-18,-41,25989,39634,65623,26,2,2,30,111129,9939,4233,125301,11522,46,11568,13067788,277373,13345161,3377.35,45294.65,48672,2028,11.4,0,mié
6-12-18,10,34,44,25999,39668,65667,68,10,1,79,111197,9949,4234,125380,7409,120,7529,13075197,277493,13352690,2632.7,45660.14,48292.84,2012.2,10.5,0,jue
7-12-18,-1,4,3,25998,39672,65670,60,17,0,77,111257,9966,4234,125457,8305,139,8444,13083502,277632,13361134,2687.83,45984.17,48672,2028,7.4,0,vie
8-12-18,9,35,44,26007,39707,65714,133,13,4,150,111390,9979,4238,125607,6798,305,7103,13090300,277937,13368237,2421.73,46250.27,48672,2028,9.2,0,sáb
9-12-18,13,36,49,26020,39743,65763,109,2,7,118,111499,9981,4245,125725,7009,251,7260,13097309,278188,13375497,2685.97,44443.48,47129.45,1963.73,9.5,0,dom
10-12-18,-4,12,8,26016,39755,65771,28,3,2,33,111527,9984,4247,125758,10267,90,10357,13107576,278278,13385854,3013.35,45125.71,48139.06,2005.79,9,0,lun
11-12-18,-18,-16,-34,25998,39739,65737,24,0,3,27,111551,9984,4250,125785,11084,86,11170,13118660,278364,13397024,3159.53,45512.47,48672,2028,8.2,0,mar
12-12-18,-8,12,4,25990,39751,65741,19,1,1,21,111570,9985,4251,125806,11089,83,11172,13129749,278447,13408196,3031.6,45640.4,48672,2028,6.6,3.8,mié
13-12-18,-43,-23,-66,25947,39728,65675,7,1,0,8,111577,9986,4251,125814,7909,19,7928,13137658,278466,13416124,2237.33,46434.67,48672,2028,6.2,6.2,jue
14-12-18,-7,-2,-9,25940,39726,65666,33,3,1,37,111610,9989,4252,125851,10968,56,11024,13148626,278522,13427148,3133.18,45538.82,48672,2028,6.8,0,vie
15-12-18,2,49,51,25942,39775,65717,66,5,1,72,111676,9994,4253,125923,8427,102,8529,13157053,278624,13435677,2816.98,45855.02,48672,2028,5.8,0.2,sáb
16-12-18,4,30,34,25946,39805,65751,41,2,1,44,111717,9996,4254,125967,6816,85,6901,13163869,278709,13442578,2398.27,46273.73,48672,2028,9,0.3,dom
17-12-18,6,0,6,25952,39805,65757,27,3,3,33,111744,9999,4257,126000,10159,62,10221,13174028,278771,13452799,2880.15,45791.85,48672,2028,6.3,0,lun
18-12-18,-33,-9,-42,25919,39796,65715,20,1,2,23,111764,10000,4259,126023,10126,56,10182,13184154,278827,13462981,2783.4,45888.6,48672,2028,5.2,0.9,mar
19-12-18,-22,-21,-43,25897,39775,65672,26,2,4,32,111790,10002,4263,126055,10440,82,10522,13194594,278909,13473503,2987.48,45684.52,48672,2028,7.2,0,mié
20-12-18,-21,-1,-22,25876,39774,65650,16,2,0,18,111806,10004,4263,126073,11020,47,11067,13205614,278956,13484570,3124.8,44666.75,47791.55,1991.31,8.1,0,jue
21-12-18,-20,18,-2,25856,39792,65648,30,6,3,39,111836,10010,4266,126112,10063,69,10132,13215677,279025,13494702,2897.82,44275.3,47173.12,1965.55,7,0,vie
22-12-18,13,10,23,25869,39802,65671,33,4,5,42,111869,10014,4271,126154,6521,63,6584,13222198,279088,13501286,2107.68,45844.69,47952.37,1998.02,7.6,0,sáb
23-12-18,8,14,22,25877,39816,65693,67,5,3,75,111936,10019,4274,126229,5046,132,5178,13227244,279220,13506464,1687.73,46468.04,48155.77,2006.49,7,0,dom
24-12-18,-13,-3,-16,25864,39813,65677,38,3,5,46,111974,10022,4279,126275,4364,96,4460,13231608,279316,13510924,1425.37,46862.19,48287.56,2011.98,8.2,0,lun
25-12-18,8,25,33,25872,39838,65710,81,5,2,88,112055,10027,4281,126363,2873,152,3025,13234481,279468,13513949,1156.28,47108.75,48265.03,2011.04,9.3,0,mar
26-12-18,-10,8,-2,25862,39846,65708,55,8,7,70,112110,10035,4288,126433,6496,124,6620,13240977,279592,13520569,1969.98,46586.11,48556.09,2023.17,8.4,0,mié
27-12-18,-21,-20,-41,25841,39826,65667,51,20,8,79,112161,10055,4296,126512,7282,151,7433,13248259,279743,13528002,2101.15,46154.69,48255.84,2010.66,6.2,0,jue
28-12-18,-6,14,8,25835,39840,65675,96,8,8,112,112257,10063,4304,126624,7386,256,7642,13255645,279999,13535644,2299.82,45874.27,48174.09,2007.25,7.1,0,vie
29-12-18,5,21,26,25840,39861,65701,93,20,7,120,112350,10083,4311,126744,5584,250,5834,13261229,280249,13541478,1855.88,46063.56,47919.44,1996.64,8,0,sáb
30-12-18,6,21,27,25846,39882,65728,112,10,0,122,112462,10093,4311,126866,5114,301,5415,13266343,280550,13546893,1827.2,45881.63,47708.83,1987.87,8.7,0,dom
31-12-18,0,-5,-5,25846,39877,65723,103,11,5,119,112565,10104,4316,126985,4718,283,5001,13271061,280833,13551894,1594.02,45214.57,46808.59,1950.36,7,0,lun
1-1-19,9,33,42,25855,39910,65765,139,8,6,153,112704,10112,4322,127138,3516,345,3861,13274577,281178,13555755,1579.93,45079.1,46659.03,1944.13,6.6,0,mar
2-1-19,-3,8,5,25852,39918,65770,57,9,4,70,112761,10121,4326,127208,6395,166,6561,13280972,281344,13562316,1939.4,45968.54,47907.94,1996.16,6,0,mié
3-1-19,-13,15,2,25839,39933,65772,61,4,5,70,112822,10125,4331,127278,7479,146,7625,13288451,281490,13569941,2147.32,44563.8,46711.12,1946.3,7.3,0,jue
4-1-19,-28,-6,-34,25811,39927,65738,70,3,1,74,112892,10128,4332,127352,7787,157,7944,13296238,281647,13577885,2242,44162.04,46404.04,1933.5,5.9,0,vie
5-1-19,9,32,41,25820,39959,65779,62,5,3,70,112954,10133,4335,127422,6256,109,6365,13302494,281756,13584250,1963.67,44117.5,46081.17,1920.05,5.4,0,sáb
6-1-19,6,39,45,25826,39998,65824,56,5,3,64,113010,10138,4338,127486,4747,114,4861,13307241,281870,13589111,1665.42,44807.75,46473.17,1936.38,6.6,0,dom
7-1-19,7,38,45,25833,40036,65869,49,5,1,55,113059,10143,4339,127541,5493,101,5594,13312734,281971,13594705,1798.62,45555.54,47354.16,1973.09,7.1,0,lun
8-1-19,-23,17,-6,25810,40053,65863,24,3,1,28,113083,10146,4340,127569,9411,54,9465,13322145,282025,13604170,2434.03,44858.94,47292.97,1970.54,7.1,0,mar
9-1-19,-5,17,12,25805,40070,65875,15,3,2,20,113098,10149,4342,127589,10072,42,10114,13332217,282067,13614284,2631.7,45034.67,47666.37,1986.1,7.6,0,mié
10-1-19,-13,1,-12,25792,40071,65863,14,5,4,23,113112,10154,4346,127612,9763,41,9804,13341980,282108,13624088,2489.7,46114.09,48603.79,2025.16,4.7,0,jue
11-1-19,-28,-8,-36,25764,40063,65827,27,4,0,31,113139,10158,4346,127643,9412,51,9463,13351392,282159,13633551,2521.1,46086.05,48607.15,2025.3,2.8,0,vie
12-1-19,3,33,36,25767,40096,65863,60,4,0,64,113199,10162,4346,127707,7008,134,7142,13358400,282293,13640693,2182.63,46489.37,48672,2028,4.4,0,sáb
13-1-19,13,33,46,25780,40129,65909,66,2,0,68,113265,10164,4346,127775,6174,131,6305,13364574,282424,13646998,2043.77,46628.23,48672,2028,5,0,dom
14-1-19,-5,-3,-8,25775,40126,65901,15,1,1,17,113280,10165,4347,127792,9367,44,9411,13373941,282468,13656409,2537.17,46134.83,48672,2028,6.8,0,lun
15-1-19,-6,5,-1,25769,40131,65900,22,1,0,23,113302,10166,4347,127815,10129,44,10173,13384070,282512,13666582,2727.83,45944.17,48672,2028,7.6,0,mar
16-1-19,-13,11,-2,25756,40142,65898,23,3,1,27,113325,10169,4348,127842,10210,40,10250,13394280,282552,13676832,2571.62,46100.38,48672,2028,5.7,0,mié
17-1-19,-58,-38,-96,25698,40104,65802,9,3,0,12,113334,10172,4348,127854,9689,20,9709,13403969,282572,13686541,2503.53,46168.47,48672,2028,5.6,0,jue
18-1-19,-7,7,0,25691,40111,65802,18,6,2,26,113352,10178,4350,127880,9313,51,9364,13413282,282623,13695905,2491.23,46180.77,48672,2028,3.6,0,vie
19-1-19,1,3,4,25692,40114,65806,29,1,0,30,113381,10179,4350,127910,4462,37,4499,13417744,282660,13700404,1426.15,47197.5,48623.65,2025.99,2,5.9,sáb
20-1-19,11,11,22,25703,40125,65828,59,3,4,66,113440,10182,4354,127976,5421,95,5516,13423165,282755,13705920,1859.95,45956.16,47816.11,1992.34,6.4,0,dom
21-1-19,-5,-25,-30,25698,40100,65798,12,1,1,14,113452,10183,4355,127990,9200,40,9240,13432365,282795,13715160,2390.8,45550.29,47941.09,1997.55,5.4,0,lun
22-1-19,-6,-17,-23,25692,40083,65775,10,3,1,14,113462,10186,4356,128004,8463,33,8496,13440828,282828,13723656,2159.45,46512.55,48672,2028,4.4,0.4,mar
23-1-19,-38,-26,-64,25654,40057,65711,18,0,0,18,113480,10186,4356,128022,9715,46,9761,13450543,282874,13733417,2568,46104,48672,2028,9.2,0,mié
24-1-19,-5,5,0,25649,40062,65711,23,2,1,26,113503,10188,4357,128048,11076,53,11129,13461619,282927,13744546,2851.73,45820.27,48672,2028,11.6,0,jue
25-1-19,-1,34,33,25648,40096,65744,45,8,1,54,113548,10196,4358,128102,11473,86,11559,13473092,283013,13756105,3095.67,45576.33,48672,2028,10.2,0,vie
26-1-19,4,56,60,25652,40152,65804,107,4,3,114,113655,10200,4361,128216,8395,204,8599,13481487,283217,13764704,2629.42,46042.58,48672,2028,7.4,0,sáb
27-1-19,24,51,75,25676,40203,65879,116,2,4,122,113771,10202,4365,128338,7235,200,7435,13488722,283417,13772139,2435.72,46236.28,48672,2028,6.9,0,dom
28-1-19,-1,4,3,25675,40207,65882,26,4,3,33,113797,10206,4368,128371,10032,64,10096,13498754,283481,13782235,2743.37,45928.63,48672,2028,8.4,0,lun
29-1-19,-2,-4,-6,25673,40203,65876,18,0,0,18,113815,10206,4368,128389,10187,41,10228,13508941,283522,13792463,2633.72,46038.28,48672,2028,7.9,#N/A,mar
30-1-19,-10,-50,-60,25663,40153,65816,11,1,0,12,113826,10207,4368,128401,9085,25,9110,13518026,283547,13801573,2335.75,46336.25,48672,2028,7.2,4.1,mié
31-1-19,11,-14,-3,25674,40139,65813,18,3,0,21,113844,10210,4368,128422,9622,41,9663,13527648,283588,13811236,2444.37,46227.63,48672,2028,9.4,8.2,jue
1-2-19,-2,-12,-14,25672,40127,65799,19,7,0,26,113863,10217,4368,128448,8478,63,8541,13536126,283651,13819777,2347.73,46324.27,48672,2028,6.4,1,vie
2-2-19,4,37,41,25676,40164,65840,73,5,1,79,113936,10222,4369,128527,6967,141,7108,13543093,283792,13826885,2196.13,46475.87,48672,2028,4.6,0,sáb
3-2-19,9,38,47,25685,40202,65887,108,6,0,114,114044,10228,4369,128641,6718,205,6923,13549811,283997,13833808,2301.27,46370.73,48672,2028,4,0,dom
4-2-19,-6,-14,-20,25679,40188,65867,24,2,0,26,114068,10230,4369,128667,9620,53,9673,13559431,284050,13843481,2541.38,46130.62,48672,2028,4.8,0,lun
5-2-19,-1,20,19,25678,40208,65886,30,5,0,35,114098,10235,4369,128702,10834,70,10904,13570265,284120,13854385,2830.93,45841.07,48672,2028,8.1,0,mar
6-2-19,-19,13,-6,25659,40221,65880,36,5,2,43,114134,10240,4371,128745,10986,69,11055,13581251,284189,13865440,3024.02,45647.98,48672,2028,9.7,0,mié
7-2-19,1,-27,-26,25660,40194,65854,39,9,3,51,114173,10249,4374,128796,11179,122,11301,13592430,284311,13876741,3007.27,45664.73,48672,2028,9,0,jue
8-2-19,-7,0,-7,25653,40194,65847,41,5,0,46,114214,10254,4374,128842,11043,108,11151,13603473,284419,13887892,3062.73,45609.27,48672,2028,8.6,0,vie
9-2-19,3,37,40,25656,40231,65887,108,6,0,114,114322,10260,4374,128956,7766,219,7985,13611239,284638,13895877,2446.47,46225.53,48672,2028,7.4,0,sáb
10-2-19,12,31,43,25668,40262,65930,89,1,2,92,114411,10261,4376,129048,6383,174,6557,13617622,284812,13902434,2150,46522,48672,2028,7.6,0,dom
11-2-19,-3,2,-1,25665,40264,65929,58,3,2,63,114469,10264,4378,129111,10205,124,10329,13627827,284936,13912763,2685.65,45986.35,48672,2028,9.4,0,lun
12-2-19,-2,0,-2,25663,40264,65927,38,4,3,45,114507,10268,4381,129156,11036,74,11110,13638863,285010,13923873,2925.18,45746.82,48672,2028,8,0,mar
13-2-19,-16,-25,-41,25647,40239,65886,40,0,1,41,114547,10268,4382,129197,11401,63,11464,13650264,285073,13935337,3040.13,45631.87,48672,2028,9.4,0,mié
14-2-19,0,8,8,25647,40247,65894,38,7,0,45,114585,10275,4382,129242,11540,70,11610,13661804,285143,13946947,3313.37,45358.63,48672,2028,8,0,jue
15-2-19,3,20,23,25650,40267,65917,68,20,6,94,114653,10295,4388,129336,11200,172,11372,13673004,285315,13958319,3239.22,45432.78,48672,2028,9,0,vie
16-2-19,22,54,76,25672,40321,65993,149,13,0,162,114802,10308,4388,129498,8272,321,8593,13681276,285636,13966912,2776.03,45895.97,48672,2028,11,0,sáb
17-2-19,17,54,71,25689,40375,66064,116,2,1,119,114918,10310,4389,129617,7433,260,7693,13688709,285896,13974605,2582.12,46089.88,48672,2028,9.5,0,dom
18-2-19,6,-6,0,25695,40369,66064,35,6,2,43,114953,10316,4391,129660,10274,98,10372,13698983,285994,13984977,2712.52,45959.48,48672,2028,9.4,0,lun
19-2-19,-3,24,21,25692,40393,66085,41,6,1,48,114994,10322,4392,129708,11388,94,11482,13710371,286088,13996459,2976.08,45695.92,48672,2028,9.7,0,mar
20-2-19,-17,-47,-64,25675,40346,66021,49,3,2,54,115043,10325,4394,129762,11374,125,11499,13721745,286213,14007958,3277,45395,48672,2028,9.4,0,mié
21-2-19,-7,19,12,25668,40365,66033,43,7,2,52,115086,10332,4396,129814,11758,113,11871,13733503,286326,14019829,3180.27,45491.73,48672,2028,10.7,0,jue
22-2-19,4,19,23,25672,40384,66056,54,4,2,60,115140,10336,4398,129874,11708,131,11839,13745211,286457,14031668,3276.87,45395.13,48672,2028,11.6,0,vie
23-2-19,25,57,82,25697,40441,66138,143,14,0,157,115283,10350,4398,130031,8183,305,8488,13753394,286762,14040156,2747.03,45924.97,48672,2028,10.9,0,sáb
24-2-19,18,44,62,25715,40485,66200,139,5,3,147,115422,10355,4401,130178,7677,306,7983,13761071,287068,14048139,2753.35,45918.65,48672,2028,13.4,0,dom
25-2-19,-3,10,7,25712,40495,66207,48,3,2,53,115470,10358,4403,130231,10858,133,10991,13771929,287201,14059130,3153.85,45518.15,48672,2028,12.4,0,lun
26-2-19,5,13,18,25717,40508,66225,26,11,4,41,115496,10369,4407,130272,12012,93,12105,13783941,287294,14071235,3275.82,45396.18,48672,2028,13.4,0,mar
27-2-19,-35,-21,-56,25682,40487,66169,32,7,2,41,115528,10376,4409,130313,12143,92,12235,13796084,287386,14083470,3329.03,45342.97,48672,2028,13.4,0,mié
28-2-19,-11,37,26,25671,40524,66195,54,16,1,71,115582,10392,4410,130384,12246,174,12420,13808330,287560,14095890,3465.22,45206.78,48672,2028,12.4,0,jue
1-3-19,4,32,36,25675,40556,66231,67,15,4,86,115649,10407,4414,130470,11959,160,12119,13820289,287720,14108009,3411.23,45260.77,48672,2028,13.2,0,vie
2-3-19,22,77,99,25697,40633,66330,159,17,0,176,115808,10424,4414,130646,8729,343,9072,13829018,288063,14117081,2984.9,45687.1,48672,2028,13.8,0,sáb
3-3-19,12,70,82,25709,40703,66412,181,13,2,196,115989,10437,4416,130842,7441,382,7823,13836459,288445,14124904,2731.2,45940.8,48672,2028,13.2,0,dom
4-3-19,4,12,16,25713,40715,66428,46,4,3,53,116035,10441,4419,130895,10184,168,10352,13846643,288613,14135256,2909.07,45762.93,48672,2028,12,0,lun
5-3-19,8,7,15,25721,40722,66443,64,2,0,66,116099,10443,4419,130961,11557,140,11697,13858200,288753,14146953,3171.02,45500.98,48672,2028,12,0,mar
6-3-19,-41,-42,-83,25680,40680,66360,15,0,0,15,116114,10443,4419,130976,8264,33,8297,13866464,288786,14155250,2190.75,46481.25,48672,2028,9.6,8.2,mié
7-3-19,-14,21,7,25666,40701,66367,15,5,4,24,116129,10448,4423,131000,11273,41,11314,13877737,288827,14166564,2918.88,45753.12,48672,2028,7.6,0,jue
8-3-19,-13,32,19,25653,40733,66386,49,16,2,67,116178,10464,4425,131067,12049,93,12142,13889786,288920,14178706,3466.33,45205.67,48672,2028,10.1,0,vie
9-3-19,24,59,83,25677,40792,66469,141,14,1,156,116319,10478,4426,131223,8538,272,8810,13898324,289192,14187516,3031.27,45640.73,48672,2028,11.5,0,sáb
10-3-19,31,96,127,25708,40888,66596,177,2,6,185,116496,10480,4432,131408,8361,331,8692,13906685,289523,14196208,3089.48,45582.52,48672,2028,15,0,dom
11-3-19,3,24,27,25711,40912,66623,50,2,2,54,116546,10482,4434,131462,11603,139,11742,13918288,289662,14207950,3125.5,45546.5,48672,2028,14.6,0,lun
12-3-19,-9,29,20,25702,40941,66643,42,1,0,43,116588,10483,4434,131505,12467,82,12549,13930755,289744,14220499,3408.12,45263.88,48672,2028,14.2,0,mar
13-3-19,-32,-7,-39,25670,40934,66604,28,5,0,33,116616,10488,4434,131538,12114,68,12182,13942869,289812,14232681,3154.53,45517.47,48672,2028,11,0,mié
14-3-19,-2,9,7,25668,40943,66611,24,1,0,25,116640,10489,4434,131563,12468,36,12504,13955337,289848,14245185,3275.17,45396.83,48672,2028,10.6,0,jue
15-3-19,0,27,27,25668,40970,66638,69,8,4,81,116709,10497,4438,131644,12641,127,12768,13967978,289975,14257953,3594.28,45077.72,48672,2028,14.4,0,vie
16-3-19,16,74,90,25684,41044,66728,150,13,5,168,116859,10510,4443,131812,9305,303,9608,13977283,290278,14267561,3262.43,45409.57,48672,2028,16.2,0,sáb
17-3-19,29,98,127,25713,41142,66855,141,6,2,149,117000,10516,4445,131961,8264,317,8581,13985547,290595,14276142,2947.63,45724.37,48672,2028,13.8,0,dom
18-3-19,-14,10,-4,25699,41152,66851,24,7,1,32,117024,10523,4446,131993,10700,91,10791,13996247,290686,14286933,2934.4,45737.6,48672,2028,9.9,0,lun
19-3-19,14,-1,13,25713,41151,66864,29,4,0,33,117053,10527,4446,132026,11490,64,11554,14007737,290750,14298487,3068.25,45603.75,48672,2028,11.2,0,mar
20-3-19,-47,8,-39,25666,41159,66825,16,0,3,19,117069,10527,4449,132045,12078,43,12121,14019815,290793,14310608,3182.03,45489.97,48672,2028,9.9,0,mié
21-3-19,-10,11,1,25656,41170,66826,40,6,3,49,117109,10533,4452,132094,12283,102,12385,14032098,290895,14322993,3284.38,45387.62,48672,2028,9.9,0,jue
22-3-19,-4,15,11,25652,41185,66837,59,13,0,72,117168,10546,4452,132166,12359,124,12483,14044457,291019,14335476,3606.68,45065.32,48672,2028,11.2,0,vie
23-3-19,22,65,87,25674,41250,66924,159,14,1,174,117327,10560,4453,132340,8806,348,9154,14053263,291367,14344630,2992.03,45679.97,48672,2028,14.1,0,sáb
24-3-19,18,79,97,25692,41329,67021,125,10,4,139,117452,10570,4457,132479,8421,289,8710,14061684,291656,14353340,3024.33,45647.67,48672,2028,15.2,0,dom
25-3-19,2,15,17,25694,41344,67038,30,1,2,33,117482,10571,4459,132512,11643,101,11744,14073327,291757,14365084,3109.88,45562.12,48672,2028,16.4,0,lun
26-3-19,-2,1,-1,25692,41345,67037,25,3,0,28,117507,10574,4459,132540,12382,62,12444,14085709,291819,14377528,3285.5,45386.5,48672,2028,13.5,0,mar
27-3-19,-26,-31,-57,25666,41314,66980,24,1,4,29,117531,10575,4463,132569,12579,48,12627,14098288,291867,14390155,3424.97,45247.03,48672,2028,12,0,mié
28-3-19,9,7,16,25675,41321,66996,24,7,2,33,117555,10582,4465,132602,12735,66,12801,14111023,291933,14402956,3565.28,45106.72,48672,2028,12.4,0,jue
29-3-19,0,8,8,25675,41329,67004,56,15,2,73,117611,10597,4467,132675,12201,136,12337,14123224,292069,14415293,3501.92,45170.08,48672,2028,12.4,0,vie
30-3-19,27,69,96,25702,41398,67100,146,15,7,168,117757,10612,4474,132843,8832,303,9135,14132056,292372,14424428,2998.2,45673.8,48672,2028,12.4,0,sáb
31-3-19,2,39,41,25704,41437,67141,48,1,0,49,117805,10613,4474,132892,6038,109,6147,14138094,292481,14430575,2051.13,45748.66,47799.79,2078.25,10.6,1.6,dom
1-4-19,13,11,24,25717,41448,67165,39,3,1,43,117844,10616,4475,132935,10888,77,10965,14148982,292558,14441540,2994.93,45677.07,48672,2028,13,0,lun
2-4-19,-8,14,6,25709,41462,67171,38,4,2,44,117882,10620,4477,132979,11884,78,11962,14160866,292636,14453502,3116.48,45555.52,48672,2028,12.7,2,mar
3-4-19,-26,-31,-57,25683,41431,67114,27,2,1,30,117909,10622,4478,133009,12066,73,12139,14172932,292709,14465641,3129.27,45542.73,48672,2028,10.8,0,mié
4-4-19,-5,2,-3,25678,41433,67111,32,1,0,33,117941,10623,4478,133042,12148,64,12212,14185080,292773,14477853,3285.07,45386.93,48672,2028,8.2,1.3,jue
5-4-19,3,-12,-9,25681,41421,67102,10,11,0,21,117951,10634,4478,133063,7393,45,7438,14192473,292818,14485291,2114.95,46557.05,48672,2028,7.2,2.7,vie
6-4-19,-2,14,12,25679,41435,67114,37,2,0,39,117988,10636,4478,133102,6157,81,6238,14198630,292899,14491529,1967.43,46704.57,48672,2028,7.5,3.5,sáb
7-4-19,9,15,24,25688,41450,67138,52,4,0,56,118040,10640,4478,133158,5658,133,5791,14204288,293032,14497320,2006.52,46665.48,48672,2028,8.8,4.3,dom
8-4-19,14,12,26,25702,41462,67164,20,3,0,23,118060,10643,4478,133181,8670,67,8737,14212958,293099,14506057,2309.12,46362.88,48672,2028,12,0.2,lun
9-4-19,-28,-52,-80,25674,41410,67084,12,3,2,17,118072,10646,4480,133198,9827,42,9869,14222785,293141,14515926,2524.37,46147.63,48672,2028,9.6,0.8,mar
10-4-19,-42,-62,-104,25632,41348,66980,18,5,0,23,118090,10651,4480,133221,11477,60,11537,14234262,293201,14527463,3099.87,45572.13,48672,2028,11.1,0,mié
11-4-19,14,22,36,25646,41370,67016,12,3,3,18,118102,10654,4483,133239,11988,39,12027,14246250,293240,14539490,3182.35,45489.65,48672,2028,10.8,0,jue
12-4-19,-22,-28,-50,25624,41342,66966,47,9,1,57,118149,10663,4484,133296,11997,90,12087,14258247,293330,14551577,3446.7,45225.3,48672,2028,11.8,0,vie
13-4-19,13,47,60,25637,41389,67026,129,6,3,138,118278,10669,4487,133434,8517,253,8770,14266764,293583,14560347,2998.95,45673.05,48672,2028,14,0,sáb
14-4-19,17,88,105,25654,41477,67131,159,6,2,167,118437,10675,4489,133601,7717,334,8051,14274481,293917,14568398,2911.65,45760.35,48672,2028,17,0,dom
15-4-19,-15,-6,-21,25639,41471,67110,99,4,2,105,118536,10679,4491,133706,9422,215,9637,14283903,294132,14578035,2734.43,45937.57,48672,2028,18,0,lun
16-4-19,2,1,3,25641,41472,67113,80,4,11,95,118616,10683,4502,133801,9803,205,10008,14293706,294337,14588043,2803.15,45868.85,48672,2028,15,0,mar
17-4-19,-3,-20,-23,25638,41452,67090,98,3,3,104,118714,10686,4505,133905,8110,197,8307,14301816,294534,14596350,2290.33,46381.67,48672,2028,16.9,21.6,mié
18-4-19,-8,3,-5,25630,41455,67085,5,4,0,9,118719,10690,4505,133914,1881,20,1901,14303697,294554,14598251,698.8,47973.2,48672,2028,11,7.7,jue
19-4-19,-2,6,4,25628,41461,67089,20,5,0,25,118739,10695,4505,133939,2125,47,2172,14305822,294601,14600423,798.53,47873.47,48672,2028,10.4,6.8,vie
20-4-19,1,20,21,25629,41481,67110,109,14,3,126,118848,10709,4508,134065,4300,266,4566,14310122,294867,14604989,1626.83,47045.17,48672,2028,14.4,0.3,sáb
21-4-19,7,23,30,25636,41504,67140,64,5,0,69,118912,10714,4508,134134,4679,151,4830,14314801,295018,14609819,1630.93,47041.07,48672,2028,10.8,0,dom
22-4-19,-34,-68,-102,25602,41436,67038,54,6,2,62,118966,10720,4510,134196,9984,127,10111,14324785,295145,14619930,2729.03,45942.97,48672,2028,13.5,0.7,lun
23-4-19,-12,-35,-47,25590,41401,66991,10,0,1,11,118976,10720,4511,134207,8378,41,8419,14333163,295186,14628349,2222.27,46449.73,48672,2028,10,2.8,mar
24-4-19,-5,-26,-31,25585,41375,66960,2,0,0,2,118978,10720,4511,134209,3130,4,3134,14336293,295190,14631483,988.13,47683.87,48672,2028,8.4,28.5,mié
25-4-19,-15,-20,-35,25570,41355,66925,25,3,7,35,119003,10723,4518,134244,10510,58,10568,14346803,295248,14642051,2762.95,45909.05,48672,2028,10,0,jue
26-4-19,-19,7,-12,25551,41362,66913,60,11,3,74,119063,10734,4521,134318,12235,140,12375,14359038,295388,14654426,3574.63,45097.37,48672,2028,12.6,0,vie
27-4-19,19,73,92,25570,41435,67005,170,15,1,186,119233,10749,4522,134504,10038,357,10395,14369076,295745,14664821,3629.12,45042.88,48672,2028,13.9,0,sáb
28-4-19,23,69,92,25593,41504,67097,186,18,1,205,119419,10767,4523,134709,9501,478,9979,14378577,296223,14674800,3522.22,45149.78,48672,2028,17.5,0,dom
29-4-19,-31,-66,-97,25562,41438,67000,49,4,1,54,119468,10771,4524,134763,12409,176,12585,14390986,296399,14687385,3507.08,44878.78,48385.86,2016.08,19.4,0,lun
30-4-19,-17,12,-5,25545,41450,66995,50,0,1,51,119518,10771,4525,134814,12961,160,13121,14403947,296559,14700506,3645.33,44565.12,48210.45,2008.77,19.8,0,mar
1-5-19,14,94,108,25559,41544,67103,110,19,9,138,119628,10790,4534,134952,7816,266,8082,14411763,296825,14708588,2889.32,45782.68,48672,2028,19.8,0,mié
2-5-19,7,80,87,25566,41624,67190,133,26,7,166,119761,10816,4541,135118,7566,366,7932,14419329,297191,14716520,2767.03,45904.97,48672,2028,19.2,0,jue
3-5-19,0,-25,-25,25566,41599,67165,90,24,5,119,119851,10840,4546,135237,8918,303,9221,14428247,297494,14725741,2828.32,45843.68,48672,2028,15.8,0,vie
4-5-19,14,75,89,25580,41674,67254,152,32,8,192,120003,10872,4554,135429,7592,484,8076,14435839,297978,14733817,2743.08,45928.92,48672,2028,14.8,0,sáb
5-5-19,13,58,71,25593,41732,67325,139,5,3,147,120142,10877,4557,135576,7589,420,8009,14443428,298398,14741826,2794.03,45877.97,48672,2028,15.7,0,dom
6-5-19,-71,-111,-182,25522,41621,67143,58,8,1,67,120200,10885,4558,135643,12143,191,12334,14455571,298589,14754160,3349.8,45322.2,48672,2028,17,0,lun
7-5-19,-7,-12,-19,25515,41609,67124,43,1,1,45,120243,10886,4559,135688,13410,112,13522,14468981,298701,14767682,3644.77,44737.71,48382.48,2015.94,17.8,0,mar
8-5-19,1,-8,-7,25516,41601,67117,31,1,1,33,120274,10887,4560,135721,12463,100,12563,14481444,298801,14780245,3388.17,45283.83,48672,2028,16.2,0,mié
9-5-19,-2,11,9,25514,41612,67126,48,10,1,59,120322,10897,4561,135780,13558,132,13690,14495002,298933,14793935,3741.32,44930.68,48672,2028,16.7,0,jue
10-5-19,15,-6,9,25529,41606,67135,72,20,3,95,120394,10917,4564,135875,13632,207,13839,14508634,299140,14807774,3893.48,44778.52,48672,2028,19.8,0,vie
11-5-19,24,82,106,25553,41688,67241,179,16,6,201,120573,10933,4570,136076,10727,379,11106,14519361,299519,14818880,3666.9,45005.1,48672,2028,20.3,0,sáb
12-5-19,26,55,81,25579,41743,67322,132,10,2,144,120705,10943,4572,136220,9785,376,10161,14529146,299895,14829041,3488.42,45133.48,48621.9,2025.91,18.4,0,dom
13-5-19,-5,-38,-43,25574,41705,67279,43,5,5,53,120748,10948,4577,136273,13328,151,13479,14542474,300046,14842520,3930.68,44385.21,48315.89,2013.16,21.7,0,lun
14-5-19,7,9,16,25581,41714,67295,37,5,2,44,120785,10953,4579,136317,14816,97,14913,14557290,300143,14857433,4202.22,44469.78,48672,2028,21,0,mar
15-5-19,7,85,92,25588,41799,67387,122,4,3,129,120907,10957,4582,136446,11475,238,11713,14568765,300381,14869146,3708.87,44963.13,48672,2028,24,0,mié
16-5-19,-34,-107,-141,25554,41692,67246,44,12,1,57,120951,10969,4583,136503,13821,135,13956,14582586,300516,14883102,3825.15,44846.85,48672,2028,20.5,0.1,jue
17-5-19,-57,-82,-139,25497,41610,67107,37,5,1,43,120988,10974,4584,136546,12103,103,12206,14594689,300619,14895308,3327.55,45344.45,48672,2028,14.4,0,vie
18-5-19,20,52,72,25517,41662,67179,137,16,7,160,121125,10990,4591,136706,9054,265,9319,14603743,300884,14904627,2937.55,45734.45,48672,2028,13.4,0,sáb
19-5-19,21,56,77,25538,41718,67256,110,5,2,117,121235,10995,4593,136823,8984,240,9224,14612727,301124,14913851,2979.27,45692.73,48672,2028,15.2,0,dom
20-5-19,-1,-2,-3,25537,41716,67253,43,7,4,54,121278,11002,4597,136877,12647,133,12780,14625374,301257,14926631,3463.32,45208.68,48672,2028,15.7,0,lun
21-5-19,-20,-1,-21,25517,41715,67232,42,8,7,57,121320,11010,4604,136934,13876,104,13980,14639250,301361,14940611,3784.62,44887.38,48672,2028,19.6,0,mar
22-5-19,-2,-3,-5,25515,41712,67227,49,6,0,55,121369,11016,4604,136989,14443,128,14571,14653693,301489,14955182,3922.48,44749.52,48672,2028,20.7,0,mié
23-5-19,-9,-10,-19,25506,41702,67208,45,14,3,62,121414,11030,4607,137051,14623,134,14757,14668316,301623,14969939,4179.07,44492.93,48672,2028,21.6,0,jue
24-5-19,-69,-33,-102,25437,41669,67106,38,17,3,58,121452,11047,4610,137109,14627,189,14816,14682943,301812,14984755,4325,44899,49224,2051,19.4,0,vie
25-5-19,11,46,57,25448,41715,67163,153,18,2,173,121605,11065,4612,137282,10151,391,10542,14693094,302203,14995297,3374.73,45849.27,49224,2051,18.7,0,sáb
26-5-19,15,45,60,25463,41760,67223,140,4,4,148,121745,11069,4616,137430,9984,319,10303,14703078,302522,15005600,3354.25,45857.44,49211.69,2050.49,19.2,0,dom
27-5-19,-10,-2,-12,25453,41758,67211,60,3,9,72,121805,11072,4625,137502,13496,156,13652,14716574,302678,15019252,3762.02,44909.98,48672,2028,21.7,0,lun
28-5-19,-42,-43,-85,25411,41715,67126,51,1,4,56,121856,11073,4629,137558,14174,100,14274,14730748,302778,15033526,3944.22,44999.81,48944.03,2039.33,20.2,0,mar
29-5-19,-10,11,1,25401,41726,67127,47,2,2,51,121903,11075,4631,137609,14348,114,14462,14745096,302892,15047988,3883.78,45340.22,49224,2051,18.8,0,mié
30-5-19,-40,-63,-103,25361,41663,67024,59,8,12,79,121962,11083,4643,137688,14865,142,15007,14759961,303034,15062995,4303.87,44920.13,49224,2051,22.2,0,jue
31-5-19,-11,17,6,25350,41680,67030,82,22,8,112,122044,11105,4651,137800,14236,244,14480,14774197,303278,15077475,4385.95,44838.05,49224,2051,24.5,0,vie
1-6-19,28,61,89,25378,41741,67119,106,13,1,120,122150,11118,4652,137920,10287,304,10591,14784484,303582,15088066,3574.75,45572.8,49147.55,2047.81,25.2,0,sáb
2-6-19,16,75,91,25394,41816,67210,101,5,9,115,122251,11123,4661,138035,9707,311,10018,14794191,303893,15098084,3387.12,45614.17,49001.29,2041.72,26.8,0,dom
3-6-19,-9,23,14,25385,41839,67224,31,8,3,42,122282,11131,4664,138077,13646,125,13771,14807837,304018,15111855,3835.48,44658.47,48493.95,2020.58,26.6,0,lun
4-6-19,4,9,13,25389,41848,67237,34,5,4,43,122316,11136,4668,138120,14812,119,14931,14822649,304137,15126786,4208.3,44012.02,48220.32,2009.18,24,0,mar
5-6-19,-7,30,23,25382,41878,67260,26,4,0,30,122342,11140,4668,138150,14229,102,14331,14836878,304239,15141117,4079.27,44858.4,48937.67,2039.07,17.4,0,mié
6-6-19,-35,-59,-94,25347,41819,67166,48,7,4,59,122390,11147,4672,138209,14658,122,14780,14851536,304361,15155897,4195.33,45028.67,49224,2051,17.5,2,jue
7-6-19,18,29,47,25365,41848,67213,39,9,4,52,122429,11156,4676,138261,13696,126,13822,14865232,304487,15169719,4025.5,45198.5,49224,2051,15.5,0,vie
8-6-19,14,24,38,25379,41872,67251,144,19,8,171,122573,11175,4684,138432,9794,359,10153,14875026,304846,15179872,3321.33,45729.74,49051.07,2043.79,21,0,sáb
9-6-19,7,38,45,25386,41910,67296,108,5,1,114,122681,11180,4685,138546,9286,271,9557,14884312,305117,15189429,3142.32,45112.12,48254.44,2010.6,21,0,dom
10-6-19,-17,-8,-25,25369,41902,67271,52,11,2,65,122733,11191,4687,138611,13344,162,13506,14897656,305279,15202935,3750.23,44509.25,48259.48,2010.81,20.6,0,lun
11-6-19,-17,9,-8,25352,41911,67263,29,11,4,44,122762,11202,4691,138655,13696,104,13800,14911352,305383,15216735,3779.88,45319.78,49099.66,2045.82,17.5,0,mar
12-6-19,-22,-1,-23,25330,41910,67240,62,15,2,79,122824,11217,4693,138734,14304,203,14507,14925656,305586,15231242,4158.52,45065.48,49224,2051,17.7,0,mié
13-6-19,-52,-55,-107,25278,41855,67133,47,3,1,51,122871,11220,4694,138785,14680,157,14837,14940336,305743,15246079,4169.67,45054.33,49224,2051,21.4,0,jue
14-6-19,-35,2,-33,25243,41857,67100,51,11,3,65,122922,11231,4697,138850,14177,132,14309,14954513,305875,15260388,4116.13,45107.87,49224,2051,20.2,0,vie
15-6-19,18,38,56,25261,41895,67156,103,21,2,126,123025,11252,4699,138976,9586,260,9846,14964099,306135,15270234,3133.97,46090.03,49224,2051,18.8,0,sáb
16-6-19,21,51,72,25282,41946,67228,100,10,3,113,123125,11262,4702,139089,8859,277,9136,14972958,306412,15279370,3104.9,45974.06,49078.96,2044.96,21.6,0,dom
17-6-19,-7,-18,-25,25275,41928,67203,23,8,6,37,123148,11270,4708,139126,13436,124,13560,14986394,306536,15292930,3895.27,45328.73,49224,2051,24,0,lun
18-6-19,-2,-22,-24,25273,41906,67179,34,8,7,49,123182,11278,4715,139175,14703,140,14843,15001097,306676,15307773,4096.85,45050,49146.85,2047.79,25.2,0,mar
19-6-19,-18,-20,-38,25255,41886,67141,41,3,2,46,123223,11281,4717,139221,14794,133,14927,15015891,306809,15322700,4151.62,45550.24,49701.86,2070.91,22.5,0,mié
20-6-19,-74,-105,-179,25181,41781,66962,21,7,8,36,123244,11288,4725,139257,15206,84,15290,15031097,306893,15337990,4196.35,45989.02,50185.37,2091.06,23,0,jue
21-6-19,-10,5,-5,25171,41786,66957,35,9,2,46,123279,11297,4727,139303,14380,122,14502,15045477,307015,15352492,4116.18,45452.54,49568.72,2065.36,23.6,0,vie
22-6-19,10,48,58,25181,41834,67015,88,11,8,107,123367,11308,4735,139410,9596,220,9816,15055073,307235,15362308,2950.6,46438.77,49389.37,2057.89,24.1,0,sáb
23-6-19,9,48,57,25190,41882,67072,105,7,3,115,123472,11315,4738,139525,9154,270,9424,15064227,307505,15371732,3081.12,46340.25,49421.37,2059.22,26,0,dom
24-6-19,-9,-5,-14,25181,41877,67058,40,4,7,51,123512,11319,4745,139576,13495,135,13630,15077722,307640,15385362,3705.37,45556.83,49262.2,2052.59,26.6,0,lun
25-6-19,0,4,4,25181,41881,67062,57,4,8,69,123569,11323,4753,139645,14697,162,14859,15092419,307802,15400221,4007.45,45056.82,49064.27,2044.34,26.8,0,mar
26-6-19,-16,-33,-49,25165,41848,67013,44,5,5,54,123613,11328,4758,139699,14894,124,15018,15107313,307926,15415239,4123.08,43880.43,48003.51,2000.15,29,0,mié
27-6-19,-37,-82,-119,25128,41766,66894,36,8,4,48,123649,11336,4762,139747,14800,99,14899,15122113,308025,15430138,4121.63,43499.23,47620.86,1984.2,30.6,0,jue
28-6-19,-25,-1,-26,25103,41765,66868,38,9,1,48,123687,11345,4763,139795,13710,120,13830,15135823,308145,15443968,3773.35,43605.38,47378.73,1974.11,32.4,0,vie
29-6-19,18,38,56,25121,41803,66924,84,6,7,97,123771,11351,4770,139892,9293,183,9476,15145116,308328,15453444,2949.07,44115.14,47064.21,1961.01,32.2,0,sáb
30-6-19,14,38,52,25135,41841,66976,60,6,5,71,123831,11357,4775,139963,8453,179,8632,15153569,308507,15462076,2665.18,43683.35,46348.53,1931.19,31.8,0,dom
1-7-19,-9,-14,-23,25126,41827,66953,26,5,7,38,123857,11362,4782,140001,13338,102,13440,15166907,308609,15475516,3232.02,41857.13,45089.15,1878.71,30,0,lun
2-7-19,-9,8,-1,25117,41835,66952,28,6,2,36,123885,11368,4784,140037,14110,120,14230,15181017,308729,15489746,3858.57,40886.22,44744.79,1864.37,29.2,1.6,mar
3-7-19,-7,12,5,25110,41847,66957,33,4,4,41,123918,11372,4788,140078,14287,99,14386,15195304,308828,15504132,3986.33,40820.32,44806.65,1866.94,28.6,0,mié
4-7-19,-43,-67,-110,25067,41780,66847,49,9,7,65,123967,11381,4795,140143,14480,149,14629,15209784,308977,15518761,4077.85,40421.88,44499.73,1854.16,28.2,0,jue
5-7-19,-14,-5,-19,25053,41775,66828,29,12,1,42,123996,11393,4796,140185,13325,113,13438,15223109,309090,15532199,3882.38,40314.89,44197.27,1841.55,27.6,0,vie
6-7-19,22,32,54,25075,41807,66882,55,14,3,72,124051,11407,4799,140257,8568,145,8713,15231677,309235,15540912,2792.38,40746.2,43538.58,1814.11,27.3,0,sáb
7-7-19,17,26,43,25092,41833,66925,67,4,8,79,124118,11411,4807,140336,7882,159,8041,15239559,309394,15548953,2817.07,40316.41,43133.48,1797.23,27,0,dom
8-7-19,-18,-33,-51,25074,41800,66874,41,13,7,61,124159,11424,4814,140397,12644,139,12783,15252203,309533,15561736,3581.88,40855.27,44437.15,1851.55,25.2,0,lun
9-7-19,-9,-23,-32,25065,41777,66842,45,10,2,57,124204,11434,4816,140454,13842,156,13998,15266045,309689,15575734,3807.43,39684.31,43491.74,1812.16,23.8,0,mar
10-7-19,-6,-9,-15,25059,41768,66827,37,5,5,47,124241,11439,4821,140501,14007,135,14142,15280052,309824,15589876,3706.18,38954.02,42660.2,1777.51,25.6,0,mié
11-7-19,-99,-117,-216,24960,41651,66611,21,2,3,26,124262,11441,4824,140527,13792,105,13897,15293844,309929,15603773,3734.15,38149.28,41883.43,1745.14,28.9,0,jue
12-7-19,-33,-10,-43,24927,41641,66568,38,10,6,54,124300,11451,4830,140581,12531,106,12637,15306375,310035,15616410,3502.37,38594.93,42097.3,1754.05,31.5,0,vie
13-7-19,16,13,29,24943,41654,66597,90,5,1,96,124390,11456,4831,140677,8058,192,8250,15314433,310227,15624660,2496.72,39330.2,41826.92,1742.79,29.6,0,sáb
14-7-19,3,26,29,24946,41680,66626,64,3,2,69,124454,11459,4833,140746,7638,181,7819,15322071,310408,15632479,2531.25,39567.12,42098.37,1754.1,27.4,0,dom
15-7-19,-8,-14,-22,24938,41666,66604,31,2,3,36,124485,11461,4836,140782,12117,68,12185,15334188,310476,15644664,3295.38,38394.94,41690.32,1737.1,28,0,lun
16-7-19,-12,0,-12,24926,41666,66592,37,5,4,46,124522,11466,4840,140828,13346,99,13445,15347534,310575,15658109,3654.03,37576.14,41230.17,1717.92,29.4,0,mar
17-7-19,4,-25,-21,24930,41641,66571,35,4,1,40,124557,11470,4841,140868,13831,135,13966,15361365,310710,15672075,3841.5,38240.85,42082.35,1753.43,28.4,0,mié
18-7-19,-50,-68,-118,24880,41573,66453,39,8,4,51,124596,11478,4845,140919,13917,114,14031,15375282,310824,15686106,3737.68,38522.9,42260.58,1760.86,28.6,0,jue
19-7-19,-27,-14,-41,24853,41559,66412,43,5,5,53,124639,11483,4850,140972,12398,111,12509,15387680,310935,15698615,3409.27,38952.47,42361.74,1765.07,30.1,0,vie
20-7-19,9,43,52,24862,41602,66464,79,12,5,96,124718,11495,4855,141068,7642,204,7846,15395322,311139,15706461,2317.43,40393.58,42711.01,1779.63,30.8,0,sáb
21-7-19,-6,31,25,24856,41633,66489,38,6,3,47,124756,11501,4858,141115,7049,144,7193,15402371,311283,15713654,2230.17,40334.62,42564.79,1773.53,30.9,6.2,dom
22-7-19,-57,-52,-109,24799,41581,66380,49,4,5,58,124805,11505,4863,141173,12110,137,12247,15414481,311420,15725901,3275.02,39619.51,42894.53,1787.27,30.4,0,lun
23-7-19,-18,-18,-36,24781,41563,66344,29,4,0,33,124834,11509,4863,141206,12242,71,12313,15426723,311491,15738214,3296.4,39705.66,43002.06,1791.75,30.8,0.8,mar
24-7-19,-30,-26,-56,24751,41537,66288,43,4,1,48,124877,11513,4864,141254,13379,95,13474,15440102,311586,15751688,3665.85,39679.51,43345.36,1806.06,30.2,0,mié
25-7-19,-73,-7,-80,24678,41530,66208,35,7,7,49,124912,11520,4871,141303,13265,114,13379,15453367,311700,15765067,3579.7,39897.76,43477.46,1811.56,30.4,0,jue
26-7-19,-33,-95,-128,24645,41435,66080,35,9,1,45,124947,11529,4872,141348,12163,115,12278,15465530,311815,15777345,3422.1,40684.38,44106.48,1837.77,26.9,0,vie
27-7-19,21,26,47,24666,41461,66127,87,11,1,99,125034,11540,4873,141447,7782,204,7986,15473312,312019,15785331,2518.5,41436.61,43955.11,1831.46,23,0,sáb
28-7-19,6,42,48,24672,41503,66175,66,4,2,72,125100,11544,4875,141519,7213,195,7408,15480525,312214,15792739,2411.33,42018.34,44429.67,1851.24,23.1,0,dom
29-7-19,-10,-41,-51,24662,41462,66124,26,1,1,28,125126,11545,4876,141547,11815,79,11894,15492340,312293,15804633,3204.6,40884.34,44088.94,1837.04,26.5,0,lun
30-7-19,-20,-11,-31,24642,41451,66093,40,3,1,44,125166,11548,4877,141591,12653,111,12764,15504993,312404,15817397,3536.72,40406.58,43943.3,1830.97,24.4,0,mar
31-7-19,-16,-11,-27,24626,41440,66066,30,2,3,35,125196,11550,4880,141626,12465,75,12540,15517458,312479,15829937,3380.18,40145.06,43525.24,1813.55,26.1,0,mié
1-8-19,-55,-63,-118,24571,41377,65948,46,8,0,54,125242,11558,4880,141680,12183,123,12306,15529641,312602,15842243,3340.6,39467.65,42808.25,1783.68,27.4,0,jue
2-8-19,-8,-16,-24,24563,41361,65924,33,10,2,45,125275,11568,4882,141725,10746,113,10859,15540387,312715,15853102,2976.42,39517.07,42493.49,1770.56,29,0,vie
3-8-19,8,43,51,24571,41404,65975,79,15,11,105,125354,11583,4893,141830,6807,183,6990,15547194,312898,15860092,2175.3,40382.35,42557.65,1773.24,29.1,0,sáb
4-8-19,20,20,40,24591,41424,66015,84,12,4,100,125438,11595,4897,141930,6350,261,6611,15553544,313159,15866703,2194.05,40918.55,43112.6,1796.36,28.6,0,dom
5-8-19,-10,-5,-15,24581,41419,66000,37,10,4,51,125475,11605,4901,141981,9547,187,9734,15563091,313346,15876437,2638.47,40710.59,43349.06,1806.21,28.9,0,lun
6-8-19,-17,7,-10,24564,41426,65990,35,7,5,47,125510,11612,4906,142028,10500,158,10658,15573591,313504,15887095,2939.23,40316.9,43256.13,1802.34,28.2,0,mar
7-8-19,3,-2,1,24567,41424,65991,60,6,2,68,125570,11618,4908,142096,10754,195,10949,15584345,313699,15898044,3115.3,40295.02,43410.32,1808.76,24.2,0,mié
8-8-19,-72,-91,-163,24495,41333,65828,29,2,0,31,125599,11620,4908,142127,10447,90,10537,15594792,313789,15908581,3019.25,40293.42,43312.67,1804.69,26.5,0,jue
9-8-19,-24,-25,-49,24471,41308,65779,43,5,2,50,125642,11625,4910,142177,9229,135,9364,15604021,313924,15917945,2729.6,40570.03,43299.63,1804.15,26.6,0,vie
10-8-19,-1,11,10,24470,41319,65789,58,8,1,67,125700,11633,4911,142244,6066,137,6203,15610087,314061,15924148,1932.58,41777.42,43710,1821.25,25.3,0,sáb
11-8-19,7,31,38,24477,41350,65827,72,6,1,79,125772,11639,4912,142323,5636,186,5822,15615723,314247,15929970,1902.75,41898.56,43801.31,1825.05,24.8,0,dom
12-8-19,-1,-28,-29,24476,41322,65798,40,5,2,47,125812,11644,4914,142370,8412,79,8491,15624135,314326,15938461,2419.43,41472.77,43892.2,1828.84,21.4,0,lun
13-8-19,-19,6,-13,24457,41328,65785,37,1,0,38,125849,11645,4914,142408,8811,84,8895,15632946,314410,15947356,2532.33,41345.09,43877.42,1828.23,22.5,0,mar
14-8-19,-12,-17,-29,24445,41311,65756,30,2,6,38,125879,11647,4920,142446,8542,72,8614,15641488,314482,15955970,2437.47,41856.72,44294.19,1845.59,25.4,0,mié
15-8-19,20,32,52,24465,41343,65808,59,4,8,71,125938,11651,4928,142517,5653,143,5796,15647141,314625,15961766,1882.93,42335.44,44218.37,1842.43,28,0,jue
16-8-19,12,-5,7,24477,41338,65815,44,4,0,48,125982,11655,4928,142565,6497,130,6627,15653638,314755,15968393,1955.02,43209.63,45164.65,1881.86,29,0,vie
17-8-19,6,39,45,24483,41377,65860,36,8,4,48,126018,11663,4932,142613,5249,99,5348,15658887,314854,15973741,1612.68,44220.06,45832.74,1909.7,29.7,0,sáb
18-8-19,11,19,30,24494,41396,65890,38,7,1,46,126056,11670,4933,142659,5223,108,5331,15664110,314962,15979072,1780.45,43672.99,45453.44,1893.89,27.8,0,dom
19-8-19,-22,-36,-58,24472,41360,65832,33,3,1,37,126089,11673,4934,142696,8659,83,8742,15672769,315045,15987814,2427.1,42858.11,45285.21,1886.88,27.4,0.4,lun
20-8-19,-62,-71,-133,24410,41289,65699,30,5,6,41,126119,11678,4940,142737,9296,84,9380,15682065,315129,15997194,2622.85,43668.25,46291.1,1928.8,25.1,0.1,mar
21-8-19,-16,-11,-27,24394,41278,65672,45,10,1,56,126164,11688,4941,142793,9654,133,9787,15691719,315262,16006981,2746.6,43875.87,46622.47,1942.6,24,16.2,mié
22-8-19,-6,4,-2,24388,41282,65670,45,2,4,51,126209,11690,4945,142844,10008,151,10159,15701727,315413,16017140,2823.02,43873.96,46696.98,1945.71,24,0,jue
23-8-19,-43,-89,-132,24345,41193,65538,62,12,1,75,126271,11702,4946,142919,9385,174,9559,15711112,315587,16026699,3770.22,44799.62,48569.84,2023.74,26.2,0,vie
24-8-19,23,47,70,24368,41240,65608,78,6,2,86,126349,11708,4948,143005,6694,209,6903,15717806,315796,16033602,2145.02,45372.59,47517.61,1979.9,27,0,sáb
25-8-19,5,29,34,24373,41269,65642,59,2,7,68,126408,11710,4955,143073,6327,192,6519,15724133,315988,16040121,2073.83,45746.89,47820.72,1992.53,27.8,4.2,dom
26-8-19,-17,-15,-32,24356,41254,65610,20,11,0,31,126428,11721,4955,143104,6415,73,6488,15730548,316061,16046609,1840.68,46386.2,48226.88,2009.45,20.9,26.9,lun
27-8-19,7,-33,-26,24363,41221,65584,43,1,4,48,126471,11722,4959,143152,10901,120,11021,15741449,316181,16057630,2983.07,45625.59,48608.66,2025.36,20.6,0,mar
28-8-19,-24,-32,-56,24339,41189,65528,31,3,6,40,126502,11725,4965,143192,11861,91,11952,15753310,316272,16069582,3334.35,45479.47,48813.82,2033.91,24.3,0,mié
29-8-19,-39,-60,-99,24300,41129,65429,41,8,4,53,126543,11733,4969,143245,12460,123,12583,15765770,316395,16082165,3561.72,45249.48,48811.2,2033.8,26.2,0,jue
30-8-19,-24,13,-11,24276,41142,65418,29,7,1,37,126572,11740,4970,143282,10259,84,10343,15776029,316479,16092508,2866.53,45978.92,48845.45,2035.23,27.1,10.6,vie
31-8-19,26,44,70,24302,41186,65488,80,7,3,90,126652,11747,4973,143372,8529,233,8762,15784558,316712,16101270,2756.18,46290.82,49047,2043.63,25,0,sáb
1-9-19,16,56,72,24318,41242,65560,79,3,2,84,126731,11750,4975,143456,8646,173,8819,15793204,316885,16110089,2914.17,46562.93,49477.1,2061.55,26.2,0,dom
2-9-19,0,5,5,24318,41247,65565,22,3,3,28,126753,11753,4978,143484,13304,86,13390,15806508,316971,16123479,3794.08,45935.79,49729.87,2072.08,24.4,0,lun
3-9-19,10,6,16,24328,41253,65581,29,8,0,37,126782,11761,4978,143521,14695,72,14767,15821203,317043,16138246,4060.3,46499.82,50560.12,2106.67,25.2,0,mar
4-9-19,-20,1,-19,24308,41254,65562,48,6,5,59,126830,11767,4983,143580,15228,115,15343,15836431,317158,16153589,4410.67,46684.71,51095.38,2128.97,26.1,0,mié
5-9-19,-41,-71,-112,24267,41183,65450,43,13,5,61,126873,11780,4988,143641,15237,159,15396,15851668,317317,16168985,4463.6,47121,51584.6,2149.36,21.6,0,jue
6-9-19,-8,13,5,24259,41196,65455,43,5,4,52,126916,11785,4992,143693,14175,144,14319,15865843,317461,16183304,4027.75,48260.45,52288.2,2178.68,19.2,0,vie
7-9-19,24,58,82,24283,41254,65537,75,9,2,86,126991,11794,4994,143779,9778,186,9964,15875621,317647,16193268,3107.43,48807.3,51914.73,2163.11,20.8,0,sáb
8-9-19,34,51,85,24317,41305,65622,109,6,7,122,127100,11800,5001,143901,9631,229,9860,15885252,317876,16203128,3318.53,48520.17,51838.7,2159.95,22.8,0,dom
9-9-19,7,30,37,24324,41335,65659,24,0,1,25,127124,11800,5002,143926,14218,62,14280,15899470,317938,16217408,4085.9,47360.69,51446.59,2143.61,23.2,0,lun
10-9-19,-2,-7,-9,24322,41328,65650,28,1,0,29,127152,11801,5002,143955,14328,55,14383,15913798,317993,16231791,4105.13,46913.57,51018.7,2125.78,18.1,0,mar
11-9-19,-21,-14,-35,24301,41314,65615,23,5,7,35,127175,11806,5009,143990,15715,68,15783,15929513,318061,16247574,4526.12,47144.14,51670.26,2152.93,20.2,0,mié
12-9-19,-99,-130,-229,24202,41184,65386,31,5,3,39,127206,11811,5012,144029,15695,88,15783,15945208,318149,16263357,4547.75,47784.71,52332.46,2180.52,22.1,0,jue
13-9-19,-39,-32,-71,24163,41152,65315,14,5,4,23,127220,11816,5016,144052,11415,62,11477,15956623,318211,16274834,3339.12,48446.08,51785.2,2157.72,17.7,6.8,vie
14-9-19,13,20,33,24176,41172,65348,26,5,1,32,127246,11821,5017,144084,6296,61,6357,15962919,318272,16281191,2068.33,48850.33,50918.66,2121.61,18,13.7,sáb
15-9-19,15,31,46,24191,41203,65394,48,8,1,57,127294,11829,5018,144141,7602,111,7713,15970521,318383,16288904,2812.93,47759.09,50572.02,2107.17,18.8,1.7,dom
16-9-19,-17,-33,-50,24174,41170,65344,50,5,3,58,127344,11834,5021,144199,14472,138,14610,15984993,318521,16303514,4162.98,46385.46,50548.44,2106.19,21,0,lun
17-9-19,-8,3,-5,24166,41173,65339,41,6,3,50,127385,11840,5024,144249,15317,105,15422,16000310,318626,16318936,4322.33,46086.62,50408.95,2100.37,22.7,0,mar
18-9-19,-33,-2,-35,24133,41171,65304,41,5,5,51,127426,11845,5029,144300,16312,98,16410,16016622,318724,16335346,4669.1,46950.14,51619.24,2150.8,22,0,mié
19-9-19,-83,-111,-194,24050,41060,65110,44,8,3,55,127470,11853,5032,144355,16598,139,16737,16033220,318863,16352083,4788.47,47719.75,52508.22,2187.84,23.2,0,jue
20-9-19,-15,-12,-27,24035,41048,65083,34,11,3,48,127504,11864,5035,144403,14774,111,14885,16047994,318974,16366968,4413.48,48448.01,52861.49,2202.56,20.7,6.7,vie
21-9-19,22,14,36,24057,41062,65119,64,6,1,71,127568,11870,5036,144474,9034,139,9173,16057028,319113,16376141,3052.45,49511.26,52563.71,2190.15,18,4.2,sáb
22-9-19,16,61,77,24073,41123,65196,105,6,4,115,127673,11876,5040,144589,10081,223,10304,16067109,319336,16386445,3722.77,48896.22,52618.99,2192.46,19.4,0,dom
23-9-19,-15,-33,-48,24058,41090,65148,38,11,6,55,127711,11887,5046,144644,14453,104,14557,16081562,319440,16401002,4160.47,48980.46,53140.93,2214.21,17.5,0,lun
24-9-19,-26,-48,-74,24032,41042,65074,53,4,2,59,127764,11891,5048,144703,15596,139,15735,16097158,319579,16416737,4542.15,48953.15,53495.3,2228.97,19.8,0,mar
25-9-19,-11,-11,-22,24021,41031,65052,35,4,2,41,127799,11895,5050,144744,16044,109,16153,16113202,319688,16432890,4557.13,48328.38,52885.51,2203.56,19,0,mié
26-9-19,-108,-615,-723,23913,40416,64329,42,17,5,64,127841,11912,5055,144808,16561,157,16718,16129763,319845,16449608,4748.47,48286.64,53035.11,2209.8,21,0,jue
27-9-19,-16,17,1,23897,40433,64330,51,7,5,63,127892,11919,5060,144871,16736,158,16894,16146499,320003,16466502,5132.02,48270.71,53402.73,2225.11,21.5,0,vie
28-9-19,45,55,100,23942,40488,64430,125,13,0,138,128017,11932,5060,145009,11493,331,11824,16157992,320334,16478326,3917.32,48665.91,52583.23,2190.97,21.4,0,sáb
29-9-19,36,68,104,23978,40556,64534,129,10,8,147,128146,11942,5068,145156,10889,325,11214,16168881,320659,16489540,3901.63,48804.68,52706.31,2196.1,22.6,0,dom
30-9-19,-7,-15,-22,23971,40541,64512,40,6,8,54,128186,11948,5076,145210,15084,161,15245,16183965,320820,16504785,4286.98,48447.34,52734.32,2197.26,21.5,0,lun